0.000000000000000000e+00,-0.000000000000000000e+00
5.005005005005005233e-05,-0.000000000000000000e+00
1.001001001001001047e-04,-0.000000000000000000e+00
1.501501501501501705e-04,-0.000000000000000000e+00
2.002002002002002093e-04,1.411562234378480425e-05
2.502502502502502481e-04,5.478270603928358178e-05
3.003003003003003411e-04,9.544978973478342827e-05
3.503503503503503798e-04,1.361168734302821296e-04
4.004004004004004186e-04,1.767839571257931637e-04
4.504504504504504574e-04,2.174510408212825679e-04
5.005005005005004962e-04,2.581181245167739509e-04
5.505505505505505891e-04,3.098021943893614050e-04
6.006006006006006821e-04,3.817850503710754117e-04
6.506506506506506667e-04,4.631056688419374063e-04
7.007007007007007597e-04,5.444262873128479733e-04
7.507507507507507442e-04,6.257469057837164190e-04
8.008008008008008372e-04,7.070675242547006575e-04
8.508508508508509302e-04,7.892002787651961407e-04
9.009009009009009148e-04,8.815881793156314520e-04
9.509509509509510078e-04,9.863660274907210933e-04
1.001001001001000992e-03,1.102881096960050883e-03
1.051051051051051085e-03,1.224841710311208890e-03
1.101101101101101178e-03,1.346802323662743550e-03
1.151151151151151271e-03,1.468762937013925410e-03
1.201201201201201364e-03,1.592954767357596677e-03
1.251251251251251240e-03,1.726013961710597859e-03
1.301301301301301333e-03,1.867960474143505164e-03
1.351351351351351426e-03,2.018491177429546611e-03
1.401401401401401519e-03,2.177276665963455947e-03
1.451451451451451612e-03,2.339863743316129320e-03
1.501501501501501488e-03,2.502450820668921522e-03
1.551551551551551581e-03,2.668931850649318600e-03
1.601601601601601674e-03,2.842599802739879684e-03
1.651651651651651767e-03,3.023230009802004275e-03
1.701701701701701860e-03,3.210611427471318693e-03
1.751751751751751737e-03,3.404545431409912275e-03
1.801801801801801830e-03,3.604844752111472338e-03
1.851851851851851923e-03,3.808417004904400809e-03
1.901901901901902016e-03,4.016852298652658602e-03
1.951951951951952108e-03,4.231144459252709697e-03
2.002002002002001985e-03,4.451143462022028562e-03
2.052052052052052294e-03,4.676706772888994217e-03
2.102102102102102171e-03,4.907698801271872038e-03
2.152152152152152047e-03,5.143990404950751945e-03
2.202202202202202357e-03,5.386702334642610654e-03
2.252252252252252233e-03,5.636676446496549121e-03
2.302302302302302543e-03,5.891524903284857916e-03
2.352352352352352419e-03,6.151268996168948212e-03
2.402402402402402729e-03,6.415707702542777086e-03
2.452452452452452605e-03,6.684810996974941202e-03
2.502502502502502481e-03,6.958443816319876199e-03
2.552552552552552791e-03,7.238961040025147613e-03
2.602602602602602667e-03,7.528219310323629697e-03
2.652652652652652977e-03,7.823680487166660702e-03
2.702702702702702853e-03,8.123340662177033419e-03
2.752752752752752729e-03,8.427122066659959235e-03
2.802802802802803039e-03,8.734949760367741525e-03
2.852852852852852915e-03,9.047049028100285703e-03
2.902902902902903225e-03,9.366194447757495573e-03
2.952952952952953101e-03,9.693037535568365531e-03
3.003003003003002977e-03,1.002745504497391978e-02
3.053053053053053287e-03,1.036715857279417626e-02
3.103103103103103163e-03,1.071055914718827863e-02
3.153153153153153473e-03,1.105755209043145400e-02
3.203203203203203349e-03,1.140892486441344965e-02
3.253253253253253225e-03,1.176723465236021240e-02
3.303303303303303535e-03,1.213228445250218168e-02
3.353353353353353411e-03,1.250413961164381117e-02
3.403403403403403721e-03,1.288266236081915192e-02
3.453453453453453597e-03,1.326580249163247273e-02
3.503503503503503473e-03,1.365225089606596914e-02
3.553553553553553783e-03,1.404357858676102619e-02
3.603603603603603659e-03,1.444118962685842292e-02
3.653653653653653969e-03,1.484504031364182811e-02
3.703703703703703845e-03,1.525493391216248967e-02
3.753753753753753721e-03,1.567091468609236801e-02
3.803803803803804031e-03,1.609277052947902589e-02
3.853853853853853907e-03,1.651901311428743274e-02
3.903903903903904217e-03,1.695051772035221019e-02
3.953953953953954527e-03,1.738770837765065552e-02
4.004004004004003969e-03,1.783057395770250644e-02
4.054054054054054279e-03,1.827900942495961495e-02
4.104104104104104589e-03,1.873291926858589029e-02
4.154154154154154031e-03,1.919223703950429308e-02
4.204204204204204341e-03,1.965759536986243228e-02
4.254254254254254651e-03,2.012938634813922836e-02
4.304304304304304093e-03,2.060638043651916163e-02
4.354354354354354403e-03,2.108850957160610801e-02
4.404404404404404713e-03,2.157571553840363990e-02
4.454454454454455023e-03,2.206804869035681321e-02
4.504504504504504465e-03,2.256538787351582143e-02
4.554554554554554775e-03,2.306907928905639268e-02
4.604604604604605085e-03,2.357998066108092650e-02
4.654654654654654528e-03,2.409684835256419022e-02
4.704704704704704837e-03,2.461846514400339511e-02
4.754754754754755147e-03,2.514474275105198567e-02
4.804804804804805457e-03,2.567584720405480248e-02
4.854854854854854899e-03,2.621161840602355755e-02
4.904904904904905209e-03,2.675385200921184467e-02
4.954954954954955519e-03,2.730308980555150311e-02
5.005005005005004962e-03,2.785896841397038359e-02
5.055055055055055271e-03,2.842012433792914100e-02
5.105105105105105581e-03,2.898572975913574559e-02
5.155155155155155024e-03,2.955576707612185203e-02
5.205205205205205334e-03,3.013048182065549557e-02
5.255255255255255643e-03,3.071181379649408696e-02
5.305305305305305953e-03,3.129944638973820858e-02
5.355355355355355396e-03,3.189316421031320598e-02
5.405405405405405705e-03,3.249343981953665278e-02
5.455455455455456015e-03,3.309837514973672234e-02
5.505505505505505458e-03,3.370755615168927188e-02
5.555555555555555768e-03,3.432170607956314123e-02
5.605605605605606077e-03,3.494225605910204063e-02
5.655655655655655520e-03,3.556844936043179056e-02
5.705705705705705830e-03,3.620064380110521451e-02
5.755755755755756140e-03,3.683875162012663351e-02
5.805805805805806449e-03,3.748247109862559712e-02
5.855855855855855892e-03,3.813105058531390812e-02
5.905905905905906202e-03,3.878506553767861048e-02
5.955955955955956511e-03,3.944467975840054708e-02
6.006006006006005954e-03,4.010981469161959551e-02
6.056056056056056264e-03,4.078069104510461534e-02
6.106106106106106574e-03,4.145687836285170957e-02
6.156156156156156016e-03,4.213864665858655517e-02
6.206206206206206326e-03,4.282628041530801150e-02
6.256256256256256636e-03,4.351999885441661109e-02
6.306306306306306945e-03,4.421899729357894882e-02
6.356356356356356388e-03,4.492314342044057690e-02
6.406406406406406698e-03,4.563283831653919959e-02
6.456456456456457008e-03,4.634765288897782498e-02
6.506506506506506450e-03,4.706736280173708792e-02
6.556556556556556760e-03,4.779334649895240761e-02
6.606606606606607070e-03,4.852628124848849811e-02
6.656656656656657380e-03,4.926487023049112846e-02
6.706706706706706822e-03,5.000834388687186438e-02
6.756756756756757132e-03,5.075686151456065831e-02
6.806806806806807442e-03,5.151026259072941094e-02
6.856856856856856884e-03,5.226857531841674204e-02
6.906906906906907194e-03,5.303328955331518962e-02
6.956956956956957504e-03,5.380448602743508751e-02
7.007007007007006946e-03,5.458202108143873910e-02
7.057057057057057256e-03,5.536496473379381306e-02
7.107107107107107566e-03,5.615259515085134490e-02
7.157157157157157876e-03,5.694481753518211564e-02
7.207207207207207318e-03,5.774209049968139634e-02
7.257257257257257628e-03,5.854545743782777617e-02
7.307307307307307938e-03,5.935519122505684975e-02
7.357357357357357380e-03,6.017093678682321201e-02
7.407407407407407690e-03,6.099274106318339217e-02
7.457457457457458000e-03,6.181953904927350169e-02
7.507507507507507442e-03,6.265075628934380081e-02
7.557557557557557752e-03,6.348732088463478196e-02
7.607607607607608062e-03,6.432977939850145765e-02
7.657657657657658372e-03,6.517813051128910906e-02
7.707707707707707814e-03,6.603223258459527123e-02
7.757757757757758124e-03,6.689204873976388466e-02
7.807807807807808434e-03,6.775754256613890358e-02
7.857857857857858744e-03,6.862779016708395186e-02
7.907907907907909054e-03,6.950380208483199207e-02
7.957957957957957629e-03,7.038545753391635407e-02
8.008008008008007939e-03,7.127266668985274278e-02
8.058058058058058248e-03,7.216539504847012398e-02
8.108108108108108558e-03,7.306360853067324357e-02
8.158158158158158868e-03,7.396727347445426759e-02
8.208208208208209178e-03,7.487677728417313494e-02
8.258258258258259488e-03,7.579213552879826565e-02
8.308308308308308063e-03,7.671284558951024790e-02
8.358358358358358373e-03,7.763887541846001272e-02
8.408408408408408682e-03,7.857028658712228442e-02
8.458458458458458992e-03,7.950698566573709269e-02
8.508508508508509302e-03,8.044890903431582696e-02
8.558558558558559612e-03,8.139691378520688692e-02
8.608608608608608187e-03,8.235135304660756717e-02
8.658658658658658497e-03,8.331133738359636220e-02
8.708708708708708807e-03,8.427640492503481184e-02
8.758758758758759116e-03,8.524652688762673902e-02
8.808808808808809426e-03,8.622175603741555339e-02
8.858858858858859736e-03,8.720208811284348160e-02
8.908908908908910046e-03,8.818874208944374460e-02
8.958958958958958621e-03,8.918153881818213780e-02
9.009009009009008931e-03,9.018048622591677554e-02
9.059059059059059241e-03,9.118478843138913548e-02
9.109109109109109551e-03,9.219392620566686791e-02
9.159159159159159860e-03,9.320785663883365824e-02
9.209209209209210170e-03,9.422710105266737801e-02
9.259259259259260480e-03,9.525243884427128660e-02
9.309309309309309055e-03,9.628394479823677854e-02
9.359359359359359365e-03,9.732129451687072941e-02
9.409409409409409675e-03,9.836443152500956577e-02
9.459459459459459985e-03,9.941250951140565006e-02
9.509509509509510294e-03,1.004651763765452566e-01
9.559559559559560604e-03,1.015235330263511843e-01
9.609609609609610914e-03,1.025876652441722325e-01
9.659659659659659489e-03,1.036575126745403058e-01
9.709709709709709799e-03,1.047333566961542589e-01
9.759759759759760109e-03,1.058147364795735262e-01
9.809809809809810419e-03,1.069015879298278460e-01
9.859859859859860728e-03,1.079934545387724321e-01
9.909909909909911038e-03,1.090911234580447947e-01
9.959959959959959613e-03,1.101944030741431879e-01
1.001001001001000992e-02,1.113029432835910409e-01
1.006006006006006023e-02,1.124167995822814708e-01
1.011011011011011054e-02,1.135364575737677767e-01
1.016016016016016085e-02,1.146616692638541685e-01
1.021021021021021116e-02,1.157924487626874888e-01
1.026026026026026147e-02,1.169276244634516876e-01
1.031031031031031005e-02,1.180672613642995694e-01
1.036036036036036036e-02,1.192109488459248967e-01
1.041041041041041067e-02,1.203590760365055162e-01
1.046046046046046098e-02,1.215113882323748118e-01
1.051051051051051129e-02,1.226680255726245450e-01
1.056056056056056160e-02,1.238289041800656187e-01
1.061061061061061191e-02,1.249937151138236502e-01
1.066066066066066048e-02,1.261620488656967909e-01
1.071071071071071079e-02,1.273337543800858729e-01
1.076076076076076110e-02,1.285085098370754297e-01
1.081081081081081141e-02,1.296861269182654208e-01
1.086086086086086172e-02,1.308666339507239262e-01
1.091091091091091203e-02,1.320504088326295011e-01
1.096096096096096061e-02,1.332374996855203719e-01
1.101101101101101092e-02,1.344274095449232709e-01
1.106106106106106123e-02,1.356194406694533616e-01
1.111111111111111154e-02,1.368133489880502263e-01
1.116116116116116184e-02,1.380096890228950379e-01
1.121121121121121215e-02,1.392078617074107849e-01
1.126126126126126246e-02,1.404079129811748872e-01
1.131131131131131104e-02,1.416096775219465864e-01
1.136136136136136135e-02,1.428136757302188309e-01
1.141141141141141166e-02,1.440197763822795296e-01
1.146146146146146197e-02,1.452268870716488247e-01
1.151151151151151228e-02,1.464347995805610203e-01
1.156156156156156259e-02,1.476438953554717326e-01
1.161161161161161290e-02,1.488538778445464561e-01
1.166166166166166147e-02,1.500647701264415101e-01
1.171171171171171178e-02,1.512764161447293643e-01
1.176176176176176209e-02,1.524890138390145033e-01
1.181181181181181240e-02,1.537028460291920973e-01
1.186186186186186271e-02,1.549166903945351781e-01
1.191191191191191302e-02,1.561306729538101123e-01
1.196196196196196333e-02,1.573443753972035564e-01
1.201201201201201191e-02,1.585581269971566010e-01
1.206206206206206222e-02,1.597719837699185241e-01
1.211211211211211253e-02,1.609855925198535043e-01
1.216216216216216284e-02,1.621993390462358464e-01
1.221221221221221315e-02,1.634131725098762755e-01
1.226226226226226346e-02,1.646264486766340907e-01
1.231231231231231203e-02,1.658396858545653219e-01
1.236236236236236234e-02,1.670533897081647734e-01
1.241241241241241265e-02,1.682667256721733229e-01
1.246246246246246296e-02,1.694797987085028546e-01
1.251251251251251327e-02,1.706935959777007017e-01
1.256256256256256358e-02,1.719065277323706953e-01
1.261261261261261389e-02,1.731198642216885131e-01
1.266266266266266247e-02,1.743328920796677894e-01
1.271271271271271278e-02,1.755458755970552287e-01
1.276276276276276309e-02,1.767589937515085807e-01
1.281281281281281340e-02,1.779719748137611468e-01
1.286286286286286371e-02,1.791844960344164128e-01
1.291291291291291402e-02,1.803969608617610465e-01
1.296296296296296433e-02,1.816091437148390497e-01
1.301301301301301290e-02,1.828211466017511111e-01
1.306306306306306321e-02,1.840335689993626012e-01
1.311311311311311352e-02,1.852455569817624825e-01
1.316316316316316383e-02,1.864581397292309761e-01
1.321321321321321414e-02,1.876694537130237372e-01
1.326326326326326445e-02,1.888802816801384565e-01
1.331331331331331476e-02,1.900925726426671292e-01
1.336336336336336333e-02,1.913034836437112751e-01
1.341341341341341364e-02,1.925155517059589649e-01
1.346346346346346395e-02,1.937249319105085743e-01
1.351351351351351426e-02,1.949356671470364177e-01
1.356356356356356457e-02,1.961454306277146120e-01
1.361361361361361488e-02,1.973548751719452210e-01
1.366366366366366346e-02,1.985656793278967047e-01
1.371371371371371377e-02,1.997735197554740272e-01
1.376376376376376408e-02,2.009847366405013436e-01
1.381381381381381439e-02,2.021919583441227630e-01
1.386386386386386470e-02,2.034017059334841393e-01
1.391391391391391501e-02,2.046088959128968821e-01
1.396396396396396532e-02,2.058159553852552115e-01
1.401401401401401389e-02,2.070254938811475209e-01
1.406406406406406420e-02,2.082295864569518040e-01
1.411411411411411451e-02,2.094380047948198320e-01
1.416416416416416482e-02,2.106394550664735521e-01
1.421421421421421513e-02,2.118467847356386435e-01
1.426426426426426544e-02,2.130497900225550578e-01
1.431431431431431575e-02,2.142555170488925909e-01
1.436436436436436433e-02,2.154595923654337997e-01
1.441441441441441464e-02,2.166623956915154081e-01
1.446446446446446495e-02,2.178643916318196982e-01
1.451451451451451526e-02,2.190644379411545162e-01
1.456456456456456557e-02,2.202674855807322529e-01
1.461461461461461588e-02,2.214649704182704293e-01
1.466466466466466619e-02,2.226705742886320172e-01
1.471471471471471476e-02,2.238617621693375914e-01
1.476476476476476507e-02,2.250581692435706105e-01
1.481481481481481538e-02,2.262530529523443801e-01
1.486486486486486569e-02,2.274490607744302784e-01
1.491491491491491600e-02,2.286446049132178082e-01
1.496496496496496631e-02,2.298362444592036702e-01
1.501501501501501488e-02,2.310284192798201519e-01
1.506506506506506519e-02,2.322156166491815277e-01
1.511511511511511550e-02,2.334095111966768554e-01
1.516516516516516581e-02,2.345954928532457684e-01
1.521521521521521612e-02,2.357873126709925937e-01
1.526526526526526643e-02,2.369729809908830143e-01
1.531531531531531674e-02,2.381533396515281009e-01
1.536536536536536532e-02,2.393298072597006276e-01
1.541541541541541563e-02,2.405090444625029023e-01
1.546546546546546594e-02,2.416873949027152635e-01
1.551551551551551625e-02,2.428604768514171786e-01
1.556556556556556656e-02,2.440433209605814835e-01
1.561561561561561687e-02,2.452133560485129926e-01
1.566566566566566718e-02,2.463861915458577245e-01
1.571571571571571749e-02,2.475517828242934648e-01
1.576576576576576780e-02,2.487182050344260431e-01
1.581581581581581811e-02,2.498843325967833595e-01
1.586586586586586495e-02,2.510504319741823642e-01
1.591591591591591526e-02,2.521998840049715085e-01
1.596596596596596557e-02,2.533531798565662463e-01
1.601601601601601588e-02,2.544994052115024941e-01
1.606606606606606619e-02,2.556495161770633850e-01
1.611611611611611650e-02,2.567882820838221503e-01
1.616616616616616681e-02,2.579524904858242484e-01
1.621621621621621712e-02,2.590799724444598495e-01
1.626626626626626743e-02,2.602268469996218969e-01
1.631631631631631774e-02,2.613439606206064969e-01
1.636636636636636805e-02,2.624852085625316023e-01
1.641641641641641836e-02,2.636169984451087744e-01
1.646646646646646867e-02,2.647493409205763926e-01
1.651651651651651898e-02,2.658474606481655012e-01
1.656656656656656582e-02,2.669747161629293930e-01
1.661661661661661613e-02,2.680632067046146982e-01
1.666666666666666644e-02,2.691697949558576330e-01
1.671671671671671675e-02,2.702797505036932391e-01
1.676676676676676706e-02,2.713752323231635177e-01
1.681681681681681736e-02,2.724671760916161922e-01
1.686686686686686767e-02,2.735402460944804104e-01
1.691691691691691798e-02,2.746157712854739863e-01
1.696696696696696829e-02,2.757110431852541899e-01
1.701701701701701860e-02,2.767771211680850052e-01
1.706706706706706891e-02,2.778624773032064565e-01
1.711711711711711922e-02,2.788923212145634212e-01
1.716716716716716953e-02,2.799461861324391010e-01
1.721721721721721637e-02,2.809891926541229212e-01
1.726726726726726668e-02,2.820334428751557487e-01
1.731731731731731699e-02,2.830284066319493919e-01
1.736736736736736730e-02,2.840937728464940637e-01
1.741741741741741761e-02,2.850919132051473182e-01
1.746746746746746792e-02,2.861149078759412934e-01
1.751751751751751823e-02,2.871158734617723640e-01
1.756756756756756854e-02,2.881430342631066122e-01
1.761761761761761885e-02,2.890957878615298404e-01
1.766766766766766916e-02,2.901076468894860927e-01
1.771771771771771947e-02,2.910460492996276294e-01
1.776776776776776978e-02,2.920234217461221693e-01
1.781781781781782009e-02,2.929504192436586107e-01
1.786786786786787040e-02,2.939048074347080930e-01
1.791791791791791724e-02,2.948474218776697131e-01
1.796796796796796755e-02,2.957441059727242694e-01
1.801801801801801786e-02,2.967188667980594774e-01
1.806806806806806817e-02,2.976234847976231834e-01
1.811811811811811848e-02,2.984892679142730487e-01
1.816816816816816879e-02,2.993775038350962037e-01
1.821821821821821910e-02,3.002415933511181634e-01
1.826826826826826941e-02,3.011547616862503829e-01
1.831831831831831972e-02,3.020312374608337125e-01
1.836836836836837003e-02,3.028402394879120552e-01
1.841841841841842034e-02,3.036620114885299482e-01
1.846846846846847065e-02,3.044655169097753022e-01
1.851851851851852096e-02,3.052850281871976046e-01
1.856856856856856780e-02,3.060930308970125635e-01
1.861861861861861811e-02,3.068776597810318751e-01
1.866866866866866842e-02,3.076776979108945542e-01
1.871871871871871873e-02,3.083779023807118880e-01
1.876876876876876904e-02,3.091740420475039275e-01
1.881881881881881935e-02,3.098689230868425515e-01
1.886886886886886966e-02,3.106025752027573028e-01
1.891891891891891997e-02,3.113604944323143386e-01
1.896896896896897028e-02,3.119682747340198903e-01
1.901901901901902059e-02,3.127591173056661344e-01
1.906906906906907090e-02,3.133693456384392673e-01
1.911911911911912121e-02,3.140376591283302599e-01
1.916916916916917152e-02,3.146303618282823011e-01
1.921921921921922183e-02,3.152166335838615940e-01
1.926926926926926867e-02,3.159334237031055648e-01
1.931931931931931898e-02,3.164264981517405095e-01
1.936936936936936929e-02,3.170413459700863190e-01
1.941941941941941960e-02,3.176127693510961691e-01
1.946946946946946991e-02,3.181224066020187369e-01
1.951951951951952022e-02,3.186876363227877929e-01
1.956956956956957053e-02,3.191495810702761893e-01
1.961961961961962084e-02,3.197479677820369570e-01
1.966966966966967115e-02,3.202058667947370596e-01
1.971971971971972146e-02,3.206077014017644222e-01
1.976976976976977177e-02,3.210381940262985734e-01
1.981981981981982208e-02,3.215070909473031757e-01
1.986986986986987239e-02,3.219705283983305133e-01
1.991991991991991923e-02,3.223794679241269723e-01
1.996996996996996954e-02,3.225567684647973610e-01
2.002002002002001985e-02,3.230995677218816975e-01
2.007007007007007016e-02,3.234262529746865789e-01
2.012012012012012047e-02,3.236802455168376613e-01
2.017017017017017078e-02,3.240642191585255683e-01
2.022022022022022109e-02,3.242792719441801585e-01
2.027027027027027140e-02,3.245879064705352590e-01
2.032032032032032171e-02,3.247035558694906232e-01
2.037037037037037202e-02,3.250432845130171722e-01
2.042042042042042232e-02,3.252812472238952313e-01
2.047047047047047263e-02,3.254615962645575622e-01
2.052052052052052294e-02,3.255808543431463753e-01
2.057057057057056978e-02,3.258384201982375550e-01
2.062062062062062009e-02,3.259058183641497797e-01
2.067067067067067040e-02,3.259638359911313787e-01
2.072072072072072071e-02,3.261556761845705310e-01
2.077077077077077102e-02,3.264300797862765835e-01
2.082082082082082133e-02,3.263248449963526143e-01
2.087087087087087164e-02,3.261413287778509029e-01
2.092092092092092195e-02,3.264552752230958088e-01
2.097097097097097226e-02,3.264125389963902224e-01
2.102102102102102257e-02,3.263670970700895957e-01
2.107107107107107288e-02,3.261300043495496959e-01
2.112112112112112319e-02,3.263260597426558829e-01
2.117117117117117350e-02,3.262764457231693838e-01
2.122122122122122381e-02,3.260329649200802149e-01
2.127127127127127065e-02,3.260102391862036431e-01
2.132132132132132096e-02,3.259862304081015960e-01
2.137137137137137127e-02,3.257117313185771690e-01
2.142142142142142158e-02,3.253539699708395960e-01
2.147147147147147189e-02,3.255280335053105101e-01
2.152152152152152220e-02,3.251264111852115724e-01
2.157157157157157251e-02,3.247562672543799489e-01
2.162162162162162282e-02,3.245725372148856036e-01
2.167167167167167313e-02,3.244693871509290450e-01
2.172172172172172344e-02,3.241824088132733706e-01
2.177177177177177375e-02,3.235576705199570968e-01
2.182182182182182406e-02,3.235618013185939112e-01
2.187187187187187437e-02,3.232340231695778332e-01
2.192192192192192121e-02,3.225866536732345247e-01
2.197197197197197152e-02,3.223197035105246355e-01
2.202202202202202183e-02,3.220231610914360276e-01
2.207207207207207214e-02,3.214602371921561619e-01
2.212212212212212245e-02,3.207433515033664695e-01
2.217217217217217276e-02,3.206787382421012467e-01
2.222222222222222307e-02,3.202602597158605291e-01
2.227227227227227338e-02,3.194381838950272057e-01
2.232232232232232369e-02,3.190944638000970390e-01
2.237237237237237400e-02,3.186170812400027641e-01
2.242242242242242431e-02,3.180179875921504973e-01
2.247247247247247462e-02,3.172378583516384798e-01
2.252252252252252493e-02,3.168883783831460410e-01
2.257257257257257524e-02,3.162357452749615105e-01
2.262262262262262208e-02,3.153562028524999339e-01
2.267267267267267239e-02,3.150379226274830358e-01
2.272272272272272270e-02,3.143036427626939577e-01
2.277277277277277301e-02,3.133203025068498349e-01
2.282282282282282332e-02,3.128432660963676448e-01
2.287287287287287363e-02,3.122126447157491103e-01
2.292292292292292394e-02,3.113405846175048008e-01
2.297297297297297425e-02,3.105388003736157532e-01
2.302302302302302456e-02,3.100160283730215016e-01
2.307307307307307487e-02,3.091844123593449623e-01
2.312312312312312518e-02,3.079916104424353929e-01
2.317317317317317549e-02,3.075849820403792068e-01
2.322322322322322580e-02,3.066479142923975720e-01
2.327327327327327264e-02,3.055114754671798272e-01
2.332332332332332295e-02,3.050142100305799908e-01
2.337337337337337326e-02,3.041414561487956192e-01
2.342342342342342357e-02,3.028099543731866961e-01
2.347347347347347388e-02,3.021416894805323827e-01
2.352352352352352419e-02,3.012798283524008580e-01
2.357357357357357450e-02,3.001194562175126257e-01
2.362362362362362481e-02,2.992557042376460252e-01
2.367367367367367512e-02,2.984944895953360322e-01
2.372372372372372543e-02,2.973688278795175721e-01
2.377377377377377574e-02,2.960902989306182786e-01
2.382382382382382605e-02,2.954688758367411405e-01
2.387387387387387636e-02,2.942848519161474496e-01
2.392392392392392667e-02,2.929355378626615769e-01
2.397397397397397351e-02,2.922205602479385211e-01
2.402402402402402382e-02,2.909704234970895698e-01
2.407407407407407413e-02,2.895842007930262141e-01
2.412412412412412444e-02,2.889879762483845704e-01
2.417417417417417475e-02,2.877800497239054178e-01
2.422422422422422505e-02,2.863306315774939437e-01
2.427427427427427536e-02,2.854583956014505874e-01
2.432432432432432567e-02,2.843503456767214055e-01
2.437437437437437598e-02,2.828558660614298170e-01
2.442442442442442629e-02,2.819440788079831117e-01
2.447447447447447660e-02,2.807184079918547681e-01
2.452452452452452691e-02,2.791806983859570490e-01
2.457457457457457722e-02,2.782677411989583072e-01
2.462462462462462406e-02,2.771586239696112730e-01
2.467467467467467437e-02,2.755724845034207560e-01
2.472472472472472468e-02,2.746737177720761647e-01
2.477477477477477499e-02,2.733178715097264733e-01
2.482482482482482530e-02,2.717399570820595578e-01
2.487487487487487561e-02,2.707923531766048275e-01
2.492492492492492592e-02,2.694636423207774079e-01
2.497497497497497623e-02,2.677540603512281181e-01
2.502502502502502654e-02,2.666974978900353288e-01
2.507507507507507685e-02,2.654665607292862051e-01
2.512512512512512716e-02,2.637044380108724551e-01
2.517517517517517747e-02,2.627200726836309008e-01
2.522522522522522778e-02,2.613487115148340201e-01
2.527527527527527809e-02,2.596700317173634698e-01
2.532532532532532493e-02,2.585720571635011233e-01
2.537537537537537524e-02,2.571251760816541942e-01
2.542542542542542555e-02,2.555121572832084742e-01
2.547547547547547586e-02,2.543069346066761383e-01
2.552552552552552617e-02,2.528996601727113713e-01
2.557557557557557648e-02,2.510534986114998923e-01
2.562562562562562679e-02,2.501027284289889518e-01
2.567567567567567710e-02,2.485540730663423070e-01
2.572572572572572741e-02,2.467949160217559612e-01
2.577577577577577772e-02,2.457235271111653796e-01
2.582582582582582803e-02,2.441663765574631217e-01
2.587587587587587834e-02,2.423559740883766134e-01
2.592592592592592865e-02,2.413230464890666616e-01
2.597597597597597549e-02,2.395874087479662740e-01
2.602602602602602580e-02,2.379659100430978336e-01
2.607607607607607611e-02,2.367559872124511688e-01
2.612612612612612642e-02,2.349982096385035413e-01
2.617617617617617673e-02,2.336031505419224330e-01
2.622622622622622704e-02,2.321968007378333587e-01
2.627627627627627735e-02,2.304591872761882210e-01
2.632632632632632766e-02,2.289350866632921810e-01
2.637637637637637797e-02,2.274925831744395721e-01
2.642642642642642828e-02,2.257124673319217678e-01
2.647647647647647859e-02,2.242783322861281181e-01
2.652652652652652890e-02,2.227969433296218549e-01
2.657657657657657921e-02,2.209379942627127114e-01
2.662662662662662952e-02,2.195917975555276846e-01
2.667667667667667636e-02,2.180087296633531901e-01
2.672672672672672667e-02,2.160395220557747298e-01
2.677677677677677698e-02,2.149153051402088732e-01
2.682682682682682729e-02,2.132602659764409325e-01
2.687687687687687760e-02,2.114877291798887560e-01
2.692692692692692791e-02,2.101972919306808185e-01
2.697697697697697822e-02,2.083457419814121747e-01
2.702702702702702853e-02,2.066783075594898766e-01
2.707707707707707884e-02,2.052709317800372468e-01
2.712712712712712915e-02,2.032512578001046955e-01
2.717717717717717946e-02,2.019224372044275406e-01
2.722722722722722977e-02,2.003676221386751499e-01
2.727727727727728008e-02,1.982897092040208364e-01
2.732732732732732692e-02,1.971475776903427457e-01
2.737737737737737723e-02,1.954384991703487229e-01
2.742742742742742754e-02,1.935167162400499019e-01
2.747747747747747785e-02,1.922985258144393195e-01
2.752752752752752816e-02,1.903270215647441532e-01
2.757757757757757847e-02,1.887837323751190288e-01
2.762762762762762878e-02,1.872583446271722241e-01
2.767767767767767909e-02,1.854159694566472338e-01
2.772772772772772940e-02,1.840011143147173289e-01
2.777777777777777971e-02,1.822801559022974860e-01
2.782782782782783002e-02,1.801776987672991104e-01
2.787787787787788032e-02,1.789649258684901934e-01
2.792792792792793063e-02,1.770802613526367975e-01
2.797797797797798094e-02,1.755682974047834133e-01
2.802802802802802778e-02,1.741284663311967740e-01
2.807807807807807809e-02,1.721667965007201428e-01
2.812812812812812840e-02,1.707398998686149860e-01
2.817817817817817871e-02,1.690324409781869819e-01
2.822822822822822902e-02,1.669835037769384356e-01
2.827827827827827933e-02,1.657516443948015561e-01
2.832832832832832964e-02,1.639546191817183585e-01
2.837837837837837995e-02,1.623270189107849926e-01
2.842842842842843026e-02,1.609008518614458982e-01
2.847847847847848057e-02,1.588282507784768149e-01
2.852852852852853088e-02,1.574188287283603827e-01
2.857857857857858119e-02,1.558432209997785423e-01
2.862862862862863150e-02,1.539136553888795500e-01
2.867867867867867834e-02,1.527423952993265388e-01
2.872872872872872865e-02,1.508086432414829647e-01
2.877877877877877896e-02,1.493030666127566353e-01
2.882882882882882927e-02,1.476526493792120753e-01
2.887887887887887958e-02,1.458399689385269371e-01
2.892892892892892989e-02,1.444607143118546155e-01
2.897897897897898020e-02,1.427404501670789250e-01
2.902902902902903051e-02,1.410238490975826431e-01
2.907907907907908082e-02,1.396488346482047116e-01
2.912912912912913113e-02,1.377551584424475117e-01
2.917917917917918144e-02,1.363108913887715601e-01
2.922922922922923175e-02,1.347593688077623753e-01
2.927927927927928206e-02,1.329583960444871427e-01
2.932932932932933237e-02,1.317090234478567046e-01
2.937937937937937921e-02,1.299496534330804309e-01
2.942942942942942952e-02,1.284651842616561790e-01
2.947947947947947983e-02,1.267200918067353799e-01
2.952952952952953014e-02,1.250894038410500786e-01
2.957957957957958045e-02,1.237353887513184536e-01
2.962962962962963076e-02,1.222343689836825620e-01
2.967967967967968107e-02,1.203793362346372992e-01
2.972972972972973138e-02,1.189819853077542788e-01
2.977977977977978169e-02,1.174452261266870773e-01
2.982982982982983200e-02,1.159351395492624753e-01
2.987987987987988231e-02,1.144337844922497793e-01
2.992992992992993262e-02,1.128003134750422964e-01
2.997997997997998293e-02,1.114300114693092120e-01
3.003003003003002977e-02,1.098391803764697111e-01
3.008008008008008008e-02,1.083121217172956646e-01
3.013013013013013039e-02,1.069785606613984086e-01
3.018018018018018070e-02,1.054097761876619244e-01
3.023023023023023101e-02,1.040394597783320246e-01
3.028028028028028132e-02,1.025215263582712616e-01
3.033033033033033163e-02,1.009816311137370914e-01
3.038038038038038194e-02,9.969547319883856340e-02
3.043043043043043225e-02,9.823374051292226017e-02
3.048048048048048256e-02,9.694175346025182827e-02
3.053053053053053287e-02,9.538498816299997851e-02
3.058058058058058318e-02,9.390567272867655912e-02
3.063063063063063349e-02,9.254817624462823022e-02
3.068068068068068380e-02,9.120883812567555371e-02
3.073073073073073064e-02,8.990568444383860436e-02
3.078078078078078095e-02,8.843583187261909451e-02
3.083083083083083126e-02,8.705250760530186538e-02
3.088088088088088157e-02,8.584471801204018870e-02
3.093093093093093188e-02,8.445319101667027317e-02
3.098098098098098219e-02,8.297773193876134545e-02
3.103103103103103250e-02,8.182196627150782609e-02
3.108108108108108281e-02,8.041132594682814938e-02
3.113113113113113312e-02,7.921598684459386919e-02
3.118118118118118343e-02,7.790352244194675979e-02
3.123123123123123374e-02,7.674274230027218480e-02
3.128128128128128405e-02,7.534543264996831913e-02
3.133133133133133436e-02,7.413296603155429543e-02
3.138138138138138467e-02,7.285978709095243533e-02
3.143143143143143498e-02,7.171830834944327437e-02
3.148148148148148529e-02,7.044898830143206392e-02
3.153153153153153559e-02,6.917734283810020313e-02
3.158158158158158590e-02,6.800187345741361133e-02
3.163163163163163621e-02,6.686831439805727972e-02
3.168168168168168652e-02,6.573435944358672900e-02
3.173173173173172990e-02,6.443511461610279545e-02
3.178178178178178021e-02,6.338257240228707678e-02
3.183183183183183051e-02,6.219394014289626044e-02
3.188188188188188082e-02,6.109388184150206513e-02
3.193193193193193113e-02,6.003196198410019196e-02
3.198198198198198144e-02,5.895785888739802499e-02
3.203203203203203175e-02,5.769515676507130236e-02
3.208208208208208206e-02,5.673091123176934175e-02
3.213213213213213237e-02,5.572864921716128017e-02
3.218218218218218268e-02,5.467037931730706068e-02
3.223223223223223299e-02,5.355305724717612098e-02
3.228228228228228330e-02,5.268368485011826197e-02
3.233233233233233361e-02,5.148728785902482313e-02
3.238238238238238392e-02,5.058643333078739757e-02
3.243243243243243423e-02,4.957315516899593599e-02
3.248248248248248454e-02,4.862469826617680374e-02
3.253253253253253485e-02,4.756999099041525625e-02
3.258258258258258516e-02,4.672225367509186961e-02
3.263263263263263547e-02,4.576766689782713060e-02
3.268268268268268578e-02,4.486380427238000762e-02
3.273273273273273609e-02,4.382781358687756063e-02
3.278278278278278640e-02,4.293242613544728109e-02
3.283283283283283671e-02,4.212267003762716622e-02
3.288288288288288702e-02,4.122758735537433022e-02
3.293293293293293733e-02,4.036307430731132101e-02
3.298298298298298764e-02,3.945600705201762759e-02
3.303303303303303795e-02,3.863265937778218723e-02
3.308308308308308132e-02,3.788394573948743876e-02
3.313313313313313163e-02,3.706503075198026853e-02
3.318318318318318194e-02,3.622526973795595767e-02
3.323323323323323225e-02,3.538227286475705696e-02
3.328328328328328256e-02,3.461530695571081451e-02
3.333333333333333287e-02,3.397351999664335181e-02
3.338338338338338318e-02,3.319076832940116850e-02
3.343343343343343349e-02,3.229967105586070003e-02
3.348348348348348380e-02,3.169834820036628031e-02
3.353353353353353411e-02,3.097566295180654780e-02
3.358358358358358442e-02,3.020655407992623581e-02
3.363363363363363473e-02,2.945154027298672872e-02
3.368368368368368504e-02,2.875053754693220748e-02
3.373373373373373535e-02,2.818590960878972207e-02
3.378378378378378566e-02,2.745786007704236961e-02
3.383383383383383597e-02,2.684319734073976546e-02
3.388388388388388628e-02,2.614187180566701282e-02
3.393393393393393659e-02,2.551562809429975751e-02
3.398398398398398690e-02,2.497598068862203272e-02
3.403403403403403721e-02,2.435915245638013357e-02
3.408408408408408752e-02,2.365939328947237741e-02
3.413413413413413783e-02,2.315317229269824376e-02
3.418418418418418814e-02,2.260942566887469418e-02
3.423423423423423845e-02,2.211488407283898269e-02
3.428428428428428876e-02,2.142514189805528116e-02
3.433433433433433907e-02,2.091850452504591742e-02
3.438438438438438938e-02,2.039501287742351288e-02
3.443443443443443275e-02,1.987537348573123822e-02
3.448448448448448306e-02,1.933758271080056323e-02
3.453453453453453337e-02,1.881803610950998074e-02
3.458458458458458368e-02,1.833753658660504729e-02
3.463463463463463399e-02,1.797141842503071144e-02
3.468468468468468430e-02,1.737238676601643092e-02
3.473473473473473461e-02,1.687774584516854928e-02
3.478478478478478492e-02,1.647666293929131442e-02
3.483483483483483523e-02,1.606788528669050170e-02
3.488488488488488554e-02,1.558118759327639484e-02
3.493493493493493585e-02,1.508802906322772794e-02
3.498498498498498616e-02,1.478509023500547415e-02
3.503503503503503647e-02,1.439576079727890832e-02
3.508508508508508678e-02,1.386805091739611376e-02
3.513513513513513709e-02,1.352046054003970023e-02
3.518518518518518740e-02,1.321474322473981805e-02
3.523523523523523771e-02,1.278751621939522472e-02
3.528528528528528802e-02,1.242903254458650221e-02
3.533533533533533832e-02,1.205935754537524815e-02
3.538538538538538863e-02,1.171366333036716507e-02
3.543543543543543894e-02,1.139714845025182818e-02
3.548548548548548925e-02,1.100089753237101960e-02
3.553553553553553956e-02,1.067595570295042616e-02
3.558558558558558987e-02,1.039999089436876613e-02
3.563563563563564018e-02,1.007888810960745965e-02
3.568568568568569049e-02,9.758821089695186163e-03
3.573573573573574080e-02,9.486082325982997387e-03
3.578578578578578417e-02,9.271666608439961196e-03
3.583583583583583448e-02,8.909027030607453990e-03
3.588588588588588479e-02,8.564587373807554596e-03
3.593593593593593510e-02,8.345549783562410118e-03
3.598598598598598541e-02,8.150349853625855207e-03
3.603603603603603572e-02,7.812729171330306741e-03
3.608608608608608603e-02,7.645979531322316669e-03
3.613613613613613634e-02,7.331780502430536826e-03
3.618618618618618665e-02,7.152188882774218603e-03
3.623623623623623696e-02,6.881080678814865785e-03
3.628628628628628727e-02,6.698494091725668009e-03
3.633633633633633758e-02,6.424459521632550942e-03
3.638638638638638789e-02,6.258914149794665358e-03
3.643643643643643820e-02,6.058733527850253264e-03
3.648648648648648851e-02,5.824718896543959294e-03
3.653653653653653882e-02,5.600619015375596886e-03
3.658658658658658913e-02,5.459521994619189258e-03
3.663663663663663944e-02,5.260193967767683512e-03
3.668668668668668975e-02,5.108726714517818242e-03
3.673673673673674006e-02,4.873647045080449838e-03
3.678678678678679037e-02,4.729798766296156205e-03
3.683683683683684068e-02,4.591868847258149741e-03
3.688688688688689099e-02,4.442595389248152511e-03
3.693693693693694130e-02,4.221683506148002363e-03
3.698698698698699161e-02,4.097224716888688174e-03
3.703703703703704192e-02,3.984963105958513017e-03
3.708708708708709223e-02,3.847398975552247628e-03
3.713713713713713560e-02,3.677711525457561317e-03
3.718718718718718591e-02,3.530680211385224879e-03
3.723723723723723622e-02,3.424654893004964746e-03
3.728728728728728653e-02,3.316390760714062278e-03
3.733733733733733684e-02,3.221800432922793458e-03
3.738738738738738715e-02,3.031961424009744534e-03
3.743743743743743746e-02,2.970319905961161903e-03
3.748748748748748777e-02,2.833450093102524766e-03
3.753753753753753808e-02,2.736314259606017346e-03
3.758758758758758839e-02,2.631676516472820568e-03
3.763763763763763870e-02,2.544543133348812266e-03
3.768768768768768901e-02,2.413656668181679826e-03
3.773773773773773932e-02,2.336702259687306778e-03
3.778778778778778963e-02,2.271043963512640266e-03
3.783783783783783994e-02,2.173564457183949777e-03
3.788788788788789025e-02,2.072400601193933895e-03
3.793793793793794056e-02,2.001210456600514571e-03
3.798798798798799087e-02,1.918116978234482009e-03
3.803803803803804118e-02,1.845328946032074756e-03
3.808808808808809149e-02,1.757584813492871992e-03
3.813813813813814180e-02,1.686917336190083168e-03
3.818818818818819211e-02,1.634361160045880602e-03
3.823823823823824242e-02,1.555817317887528721e-03
3.828828828828829273e-02,1.490339405519907614e-03
3.833833833833834304e-02,1.432248168328265720e-03
3.838838838838839335e-02,1.374278212841210196e-03
3.843843843843844366e-02,1.323186469240941309e-03
3.848848848848848703e-02,1.279320786733646785e-03
3.853853853853853734e-02,1.208459413204457465e-03
3.858858858858858765e-02,1.173667960017867485e-03
3.863863863863863796e-02,1.118299345781033046e-03
3.868868868868868827e-02,1.073915946238287967e-03
3.873873873873873858e-02,1.025277581152031232e-03
3.878878878878878889e-02,9.789655879725682464e-04
3.883883883883883920e-02,9.210261763837522498e-04
3.888888888888888951e-02,8.994134028659667721e-04
3.893893893893893982e-02,8.490371263586718670e-04
3.898898898898899013e-02,8.081229444753211793e-04
3.903903903903904044e-02,7.760081226131771131e-04
3.908908908908909074e-02,7.542211427015317040e-04
3.913913913913914105e-02,7.200993253539231427e-04
3.918918918918919136e-02,6.760603864610170797e-04
3.923923923923924167e-02,6.455637450212317044e-04
3.928928928928929198e-02,6.172301619754212189e-04
3.933933933933934229e-02,5.890569824763742558e-04
3.938938938938939260e-02,5.741427311772637340e-04
3.943943943943944291e-02,5.432809502081440908e-04
3.948948948948949322e-02,5.144109736817677843e-04
3.953953953953954353e-02,4.963470228067702085e-04
3.958958958958959384e-02,4.616573104069522865e-04
3.963963963963964415e-02,4.432917083787319291e-04
3.968968968968969446e-02,4.136293932352557660e-04
3.973973973973974477e-02,4.017148371841755094e-04
3.978978978978978814e-02,3.874740900619841940e-04
3.983983983983983845e-02,3.725578977199855112e-04
3.988988988988988876e-02,3.412494235681626524e-04
3.993993993993993907e-02,3.294866670279670770e-04
3.998998998998998938e-02,3.081582926544697222e-04
4.004004004004003969e-02,3.030680347532381351e-04
4.009009009009009000e-02,2.842760217891981858e-04
4.014014014014014031e-02,2.666128893512452643e-04
4.019019019019019062e-02,2.574158430674181649e-04
4.024024024024024093e-02,2.427075480763132213e-04
4.029029029029029124e-02,2.382163097289604942e-04
4.034034034034034155e-02,2.208949540983169973e-04
4.039039039039039186e-02,2.056362123466155595e-04
4.044044044044044217e-02,1.942254823296860294e-04
4.049049049049049248e-02,1.887143106279109354e-04
4.054054054054054279e-02,1.815996096543853863e-04
4.059059059059059310e-02,1.699267502838576786e-04
4.064064064064064341e-02,1.569260080200768120e-04
4.069069069069069372e-02,1.481613928064369609e-04
4.074074074074074403e-02,1.435233799824360611e-04
4.079079079079079434e-02,1.395553044998378077e-04
4.084084084084084465e-02,1.273836042067706448e-04
4.089089089089089496e-02,1.226871497749908711e-04
4.094094094094094527e-02,1.155078922104086394e-04
4.099099099099099558e-02,1.096853681010624665e-04
4.104104104104104589e-02,1.018594164989998550e-04
4.109109109109109620e-02,9.315027300889579178e-05
4.114114114114113957e-02,8.957439198396237193e-05
4.119119119119118988e-02,8.556211359966918667e-05
4.124124124124124019e-02,8.221043467286092451e-05
4.129129129129129050e-02,7.944367133328271143e-05
4.134134134134134081e-02,7.229049295921630819e-05
4.139139139139139112e-02,6.779725369824145275e-05
4.144144144144144143e-02,6.482174062699288901e-05
4.149149149149149174e-02,6.143453527744550480e-05
4.154154154154154205e-02,5.756212908188716937e-05
4.159159159159159236e-02,5.392187199254519487e-05
4.164164164164164267e-02,4.976973995653165994e-05
4.169169169169169298e-02,4.815545116499224263e-05
4.174174174174174329e-02,4.633698006769481113e-05
4.179179179179179360e-02,4.188347457179788716e-05
4.184184184184184391e-02,3.896441716123914779e-05
4.189189189189189422e-02,3.566639889502257714e-05
4.194194194194194453e-02,3.524847373742688307e-05
4.199199199199199484e-02,3.378417698291226695e-05
4.204204204204204515e-02,2.968119672240840908e-05
4.209209209209209546e-02,2.959699558618269103e-05
4.214214214214214577e-02,2.641444805909424665e-05
4.219219219219219608e-02,2.542744750978308125e-05
4.224224224224224639e-02,2.482747168138956905e-05
4.229229229229229670e-02,2.145642241310333545e-05
4.234234234234234701e-02,2.135863993391558911e-05
4.239239239239239732e-02,1.975988196233028770e-05
4.244244244244244763e-02,1.830350570542986076e-05
4.249249249249249100e-02,1.820054572708146003e-05
4.254254254254254131e-02,1.494984374777659620e-05
4.259259259259259162e-02,1.479145246442364618e-05
4.264264264264264193e-02,1.355791599223111868e-05
4.269269269269269224e-02,1.283896696520767950e-05
4.274274274274274255e-02,1.272708578865150406e-05
4.279279279279279286e-02,1.106449342602014687e-05
4.284284284284284317e-02,1.002004121718833916e-05
4.289289289289289347e-02,9.709590891348849099e-06
4.294294294294294378e-02,9.116610570908926600e-06
4.299299299299299409e-02,8.998715912538753653e-06
4.304304304304304440e-02,7.656008136387428554e-06
4.309309309309309471e-02,7.027635876877723040e-06
4.314314314314314502e-02,7.038692781323801229e-06
4.319319319319319533e-02,6.441287455806880597e-06
4.324324324324324564e-02,5.521841060888506736e-06
4.329329329329329595e-02,5.021822266307491614e-06
4.334334334334334626e-02,4.521427482565694322e-06
4.339339339339339657e-02,4.478533952308989894e-06
4.344344344344344688e-02,4.253176187421828666e-06
4.349349349349349719e-02,3.619460186999849575e-06
4.354354354354354750e-02,3.575136081929712464e-06
4.359359359359359781e-02,3.072350335881857387e-06
4.364364364364364812e-02,3.027165486062649897e-06
4.369369369369369843e-02,2.849509997208224143e-06
4.374374374374374874e-02,2.345759364956568315e-06
4.379379379379379905e-02,2.299429299477745682e-06
4.384384384384384242e-02,2.120644861783481409e-06
4.389389389389389273e-02,2.073958959368139848e-06
4.394394394394394304e-02,1.894787934045222783e-06
4.399399399399399335e-02,1.389478399073622503e-06
4.404404404404404366e-02,1.341657157481060843e-06
4.409409409409409397e-02,1.211361757414677933e-06
4.414414414414414428e-02,1.163257134820836000e-06
4.419419419419419459e-02,1.115078987776582710e-06
4.424424424424424490e-02,9.344830468823139066e-07
4.429429429429429521e-02,8.859561019986935263e-07
4.434434434434434552e-02,7.549414100735726881e-07
4.439439439439439583e-02,7.061292504499206246e-07
4.444444444444444614e-02,6.572508683327689747e-07
4.449449449449449645e-02,5.259262579768357434e-07
4.454454454454454676e-02,4.767714329411970774e-07
4.459459459459459707e-02,4.774947835525711634e-07
4.464464464464464738e-02,4.282527197835193495e-07
4.469469469469469769e-02,4.289018088767562629e-07
4.474474474474474800e-02,2.471963350459399268e-07
4.479479479479479831e-02,2.475691143649750635e-07
4.484484484484484862e-02,1.979150431249145754e-07
4.489489489489489893e-02,1.982131695531596113e-07
4.494494494494494924e-02,1.985112959814043296e-07
4.499499499499499955e-02,1.487886827502440087e-07
4.504504504504504986e-02,1.490117604888445654e-07
4.509509509509510017e-02,9.920944329574625599e-08
4.514514514514515048e-02,9.935828403709827615e-08
4.519519519519519385e-02,9.950712477844988603e-08
4.524524524524524416e-02,4.964006093003768854e-08
4.529529529529529447e-02,4.971427342258322399e-08
4.534534534534534478e-02,4.978848591512877267e-08
4.539539539539539509e-02,4.986269840767433459e-08
4.544544544544544540e-02,4.993691090021992298e-08
4.549549549549549571e-02,0.000000000000000000e+00
4.554554554554554602e-02,0.000000000000000000e+00
4.559559559559559633e-02,0.000000000000000000e+00
4.564564564564564664e-02,0.000000000000000000e+00
4.569569569569569695e-02,0.000000000000000000e+00
4.574574574574574726e-02,0.000000000000000000e+00
4.579579579579579757e-02,0.000000000000000000e+00
4.584584584584584788e-02,0.000000000000000000e+00
4.589589589589589819e-02,0.000000000000000000e+00
4.594594594594594850e-02,0.000000000000000000e+00
4.599599599599599881e-02,0.000000000000000000e+00
4.604604604604604912e-02,0.000000000000000000e+00
4.609609609609609943e-02,0.000000000000000000e+00
4.614614614614614974e-02,0.000000000000000000e+00
4.619619619619620005e-02,0.000000000000000000e+00
4.624624624624625036e-02,0.000000000000000000e+00
4.629629629629630067e-02,0.000000000000000000e+00
4.634634634634635098e-02,0.000000000000000000e+00
4.639639639639640128e-02,0.000000000000000000e+00
4.644644644644645159e-02,0.000000000000000000e+00
4.649649649649650190e-02,0.000000000000000000e+00
4.654654654654654528e-02,0.000000000000000000e+00
4.659659659659659559e-02,0.000000000000000000e+00
4.664664664664664590e-02,0.000000000000000000e+00
4.669669669669669620e-02,0.000000000000000000e+00
4.674674674674674651e-02,0.000000000000000000e+00
4.679679679679679682e-02,0.000000000000000000e+00
4.684684684684684713e-02,0.000000000000000000e+00
4.689689689689689744e-02,0.000000000000000000e+00
4.694694694694694775e-02,0.000000000000000000e+00
4.699699699699699806e-02,0.000000000000000000e+00
4.704704704704704837e-02,0.000000000000000000e+00
4.709709709709709868e-02,0.000000000000000000e+00
4.714714714714714899e-02,0.000000000000000000e+00
4.719719719719719930e-02,0.000000000000000000e+00
4.724724724724724961e-02,0.000000000000000000e+00
4.729729729729729992e-02,0.000000000000000000e+00
4.734734734734735023e-02,0.000000000000000000e+00
4.739739739739740054e-02,0.000000000000000000e+00
4.744744744744745085e-02,0.000000000000000000e+00
4.749749749749750116e-02,0.000000000000000000e+00
4.754754754754755147e-02,0.000000000000000000e+00
4.759759759759760178e-02,0.000000000000000000e+00
4.764764764764765209e-02,0.000000000000000000e+00
4.769769769769770240e-02,0.000000000000000000e+00
4.774774774774775271e-02,0.000000000000000000e+00
4.779779779779780302e-02,0.000000000000000000e+00
4.784784784784785333e-02,0.000000000000000000e+00
4.789789789789789670e-02,0.000000000000000000e+00
4.794794794794794701e-02,0.000000000000000000e+00
4.799799799799799732e-02,0.000000000000000000e+00
4.804804804804804763e-02,0.000000000000000000e+00
4.809809809809809794e-02,0.000000000000000000e+00
4.814814814814814825e-02,0.000000000000000000e+00
4.819819819819819856e-02,0.000000000000000000e+00
4.824824824824824887e-02,0.000000000000000000e+00
4.829829829829829918e-02,0.000000000000000000e+00
4.834834834834834949e-02,0.000000000000000000e+00
4.839839839839839980e-02,0.000000000000000000e+00
4.844844844844845011e-02,0.000000000000000000e+00
4.849849849849850042e-02,0.000000000000000000e+00
4.854854854854855073e-02,0.000000000000000000e+00
4.859859859859860104e-02,0.000000000000000000e+00
4.864864864864865135e-02,0.000000000000000000e+00
4.869869869869870166e-02,0.000000000000000000e+00
4.874874874874875197e-02,0.000000000000000000e+00
4.879879879879880228e-02,0.000000000000000000e+00
4.884884884884885259e-02,0.000000000000000000e+00
4.889889889889890290e-02,0.000000000000000000e+00
4.894894894894895321e-02,0.000000000000000000e+00
4.899899899899900352e-02,0.000000000000000000e+00
4.904904904904905383e-02,0.000000000000000000e+00
4.909909909909910414e-02,0.000000000000000000e+00
4.914914914914915445e-02,0.000000000000000000e+00
4.919919919919920476e-02,0.000000000000000000e+00
4.924924924924924813e-02,0.000000000000000000e+00
4.929929929929929844e-02,0.000000000000000000e+00
4.934934934934934875e-02,0.000000000000000000e+00
4.939939939939939906e-02,0.000000000000000000e+00
4.944944944944944937e-02,0.000000000000000000e+00
4.949949949949949968e-02,0.000000000000000000e+00
4.954954954954954999e-02,0.000000000000000000e+00
4.959959959959960030e-02,0.000000000000000000e+00
4.964964964964965061e-02,0.000000000000000000e+00
4.969969969969970092e-02,0.000000000000000000e+00
4.974974974974975123e-02,0.000000000000000000e+00
4.979979979979980154e-02,0.000000000000000000e+00
4.984984984984985185e-02,0.000000000000000000e+00
4.989989989989990216e-02,0.000000000000000000e+00
4.994994994994995247e-02,0.000000000000000000e+00
5.000000000000000278e-02,0.000000000000000000e+00
