0.000000000000000000e+00 -0.000000000000000000e+00
5.005005005005005233e-05 -0.000000000000000000e+00
1.001001001001001047e-04 -0.000000000000000000e+00
1.501501501501501705e-04 -0.000000000000000000e+00
2.002002002002002093e-04 1.411647292315642623e-05
2.502502502502502481e-04 5.478600713636012698e-05
3.003003003003003411e-04 9.545554134956908102e-05
3.503503503503503798e-04 1.361250755627590276e-04
4.004004004004004186e-04 1.767946097759903366e-04
4.504504504504504574e-04 2.174641439891561868e-04
5.005005005005004962e-04 2.581336782023138784e-04
5.505505505505505891e-04 3.098208624543189924e-04
6.006006006006006821e-04 3.818080559800987313e-04
6.506506506506506667e-04 4.631335746697643699e-04
7.007007007007007597e-04 5.444590933596536253e-04
7.507507507507507442e-04 6.257846120495895014e-04
8.008008008008008372e-04 7.071101307394354971e-04
8.508508508508509302e-04 7.892478344063956226e-04
9.009009009009009148e-04 8.816413020683024028e-04
9.509509509509510078e-04 9.864254639487561246e-04
1.001001001001000992e-03 1.102947554384629304e-03
1.051051051051051085e-03 1.224915516840433764e-03
1.101101101101101178e-03 1.346883479296229333e-03
1.151151151151151271e-03 1.468851441751286777e-03
1.201201201201201364e-03 1.593050755647816823e-03
1.251251251251251240e-03 1.726117967884960649e-03
1.301301301301301333e-03 1.868073033731667892e-03
1.351351351351351426e-03 2.018612807699695245e-03
1.401401401401401519e-03 2.177407864331329292e-03
1.451451451451451612e-03 2.340004738858491012e-03
1.501501501501501488e-03 2.502601613385101956e-03
1.551551551551551581e-03 2.669092675182723612e-03
1.601601601601601674e-03 2.842771092160334065e-03
1.651651651651651767e-03 3.023412183637938684e-03
1.701701701701701860e-03 3.210804892540110225e-03
1.751751751751751737e-03 3.404750582558553704e-03
1.801801801801801830e-03 3.605061972894523740e-03
1.851851851851851923e-03 3.808646492549912048e-03
1.901901901901902016e-03 4.017094346197016067e-03
1.951951951951952108e-03 4.231399419615511880e-03
2.002002002002001985e-03 4.451411679089527403e-03
2.052052052052052294e-03 4.676988581951164320e-03
2.102102102102102171e-03 4.907994529455188618e-03
2.152152152152152047e-03 5.144300371598003324e-03
2.202202202202202357e-03 5.387026926627174785e-03
2.252252252252252233e-03 5.637016101425605663e-03
2.302302302302302543e-03 5.891879914879260063e-03
2.352352352352352419e-03 6.151639659423336660e-03
2.402402402402402729e-03 6.416094300345821788e-03
2.452452452452452605e-03 6.685213810410686221e-03
2.502502502502502481e-03 6.958863118327538767e-03
2.552552552552552791e-03 7.239397245439373532e-03
2.602602602602602667e-03 7.528672945866566636e-03
2.652652652652652977e-03 7.824151926614193037e-03
2.702702702702702853e-03 8.123830158558222395e-03
2.752752752752752729e-03 8.427629868301398514e-03
2.802802802802803039e-03 8.735476111093305393e-03
2.852852852852852915e-03 9.047594185308980783e-03
2.902902902902903225e-03 9.366758836031078769e-03
2.952952952952953101e-03 9.693621618758389499e-03
3.003003003003002977e-03 1.002805927950319552e-02
3.053053053053053287e-03 1.036778327718187141e-02
3.103103103103103163e-03 1.071120454421259187e-02
3.153153153153153473e-03 1.105821839655592685e-02
3.203203203203203349e-03 1.140961234357025511e-02
3.253253253253253225e-03 1.176794372255350954e-02
3.303303303303303535e-03 1.213301551986478537e-02
3.353353353353353411e-03 1.250489308626353928e-02
3.403403403403403721e-03 1.288343864446583192e-02
3.453453453453453597e-03 1.326660186255010365e-02
3.503503503503503473e-03 1.365307355359187021e-02
3.553553553553553783e-03 1.404442482493187781e-02
3.603603603603603659e-03 1.444205982426170591e-02
3.653653653653653969e-03 1.484593484629228959e-02
3.703703703703703845e-03 1.525585314417760886e-02
3.753753753753753721e-03 1.567185898428678781e-02
3.803803803803804031e-03 1.609374024787357110e-02
3.853853853853853907e-03 1.652000851720341126e-02
3.903903903903904217e-03 1.695153912488285911e-02
3.953953953953954527e-03 1.738875612642655152e-02
4.004004004004003969e-03 1.783164839267538729e-02
4.054054054054054279e-03 1.828011088178024129e-02
4.104104104104104589e-03 1.873404807709647818e-02
4.154154154154154031e-03 1.919339352558499176e-02
4.204204204204204341e-03 1.965877989753292421e-02
4.254254254254254651e-03 2.013059930498381847e-02
4.304304304304304093e-03 2.060762213609328500e-02
4.354354354354354403e-03 2.108978032333135716e-02
4.404404404404404713e-03 2.157701564819185583e-02
4.454454454454455023e-03 2.206937846714595100e-02
4.504504504504504465e-03 2.256674761897759299e-02
4.554554554554554775e-03 2.307046938597333979e-02
4.604604604604605085e-03 2.358140154388960880e-02
4.654654654654654528e-03 2.409830038079730646e-02
4.704704704704704837e-03 2.461994860383514075e-02
4.754754754754755147e-03 2.514625792331265028e-02
4.804804804804805457e-03 2.567739437964922447e-02
4.854854854854854899e-03 2.621319786607936506e-02
4.904904904904905209e-03 2.675546414320727900e-02
4.954954954954955519e-03 2.730473503554002937e-02
5.005005005005004962e-03 2.786064714007727150e-02
5.055055055055055271e-03 2.842183687817216239e-02
5.105105105105105581e-03 2.898747638162952125e-02
5.155155155155155024e-03 2.955754804794613957e-02
5.205205205205205334e-03 3.013229742364716135e-02
5.255255255255255643e-03 3.071366442941157390e-02
5.305305305305305953e-03 3.130133243224014067e-02
5.355355355355355396e-03 3.189508602906824392e-02
5.405405405405405705e-03 3.249539780971190395e-02
5.455455455455456015e-03 3.310036959207531687e-02
5.505505505505505458e-03 3.370958730207845172e-02
5.555555555555555768e-03 3.432377423739652739e-02
5.605605605605606077e-03 3.494436161006302111e-02
5.655655655655655520e-03 3.557059264453994035e-02
5.705705705705705830e-03 3.620282518000439431e-02
5.755755755755756140e-03 3.684097145012420194e-02
5.805805805805806449e-03 3.748472971788343461e-02
5.855855855855855892e-03 3.813334828669334708e-02
5.905905905905906202e-03 3.878740264866269855e-02
5.955955955955956511e-03 3.944705661647002898e-02
6.006006006006005954e-03 4.011223162941295051e-02
6.056056056056056264e-03 4.078314840860779861e-02
6.106106106106106574e-03 4.145937647200144405e-02
6.156156156156156016e-03 4.214118584971406761e-02
6.206206206206206326e-03 4.282886104189133347e-02
6.256256256256256636e-03 4.352262128312543721e-02
6.306306306306306945e-03 4.422166184255506977e-02
6.356356356356356388e-03 4.492585039983022083e-02
6.406406406406406698e-03 4.563558806076031815e-02
6.456456456456457008e-03 4.635044570652421814e-02
6.506506506506506450e-03 4.707019898753420778e-02
6.556556556556556760e-03 4.779622643107127311e-02
6.606606606606607070e-03 4.852920534581353640e-02
6.656656656656657380e-03 4.926783883372343187e-02
6.706706706706706822e-03 5.001135729034986849e-02
6.756756756756757132e-03 5.075992002226054067e-02
6.806806806806807442e-03 5.151336649688447594e-02
6.856856856856856884e-03 5.227172491898374879e-02
6.906906906906907194e-03 5.303648523405820464e-02
6.956956956956957504e-03 5.380772817891669307e-02
7.007007007007006946e-03 5.458531008566241960e-02
7.057057057057057256e-03 5.536830091665408821e-02
7.107107107107107566e-03 5.615597879472566251e-02
7.157157157157157876e-03 5.694824891676745354e-02
7.207207207207207318e-03 5.774556992339191508e-02
7.257257257257257628e-03 5.854898527079895748e-02
7.307307307307307938e-03 5.935876785104790554e-02
7.357357357357357380e-03 6.017456256794353336e-02
7.407407407407407690e-03 6.099641636461532873e-02
7.457457457457458000e-03 6.182326417190854573e-02
7.507507507507507442e-03 6.265453149945503231e-02
7.557557557557557752e-03 6.349114650457185483e-02
7.607607607607608062e-03 6.433365578326094569e-02
7.657657657657658372e-03 6.518205801597135030e-02
7.707707707707707814e-03 6.603621155579253443e-02
7.757757757757758124e-03 6.689607952175941064e-02
7.807807807807808434e-03 6.776162550116869576e-02
7.857857857857858744e-03 6.863192554152261482e-02
7.907907907907909054e-03 6.950799024591455821e-02
7.957957957957957629e-03 7.038969882190591887e-02
8.008008008008007939e-03 7.127696143918135774e-02
8.058058058058058248e-03 7.216974359178779386e-02
8.108108108108108558e-03 7.306801119870111327e-02
8.158158158158158868e-03 7.397173059544474849e-02
8.208208208208209178e-03 7.488128921003051053e-02
8.258258258258259488e-03 7.579670261228356465e-02
8.308308308308308063e-03 7.671746815319883950e-02
8.358358358358358373e-03 7.764355378292966958e-02
8.408408408408408682e-03 7.857502107657408918e-02
8.458458458458458992e-03 7.951177659881951409e-02
8.508508508508509302e-03 8.045375672585285132e-02
8.558558558558559612e-03 8.140181860155602800e-02
8.608608608608608187e-03 8.235631537550860970e-02
8.658658658658658497e-03 8.331635755924224340e-02
8.708708708708708807e-03 8.428148325386186634e-02
8.758758758758759116e-03 8.525166367381589727e-02
8.808808808808809426e-03 8.622695158924807701e-02
8.858858858858859736e-03 8.720734273750871401e-02
8.908908908908910046e-03 8.819405616797811043e-02
8.958958958958958621e-03 8.918691272056163133e-02
9.009009009009008931e-03 9.018592032297183259e-02
9.059059059059059241e-03 9.119028304569529175e-02
9.109109109109109551e-03 9.219948162853686124e-02
9.159159159159159860e-03 9.321347315911684972e-02
9.209209209209210170e-03 9.423277899060727991e-02
9.259259259259260480e-03 9.525817856711973897e-02
9.309309309309309055e-03 9.628974667754860994e-02
9.359359359359359365e-03 9.732715890484300303e-02
9.409409409409409675e-03 9.837035877024542796e-02
9.459459459459459985e-03 9.941849991181639368e-02
9.509509509509510294e-03 1.004712302086500503e-01
9.559559559559560604e-03 1.015296506328540876e-01
9.609609609609610914e-03 1.025938469731330627e-01
9.659659659659659489e-03 1.036637588703285401e-01
9.709709709709709799e-03 1.047396677202282883e-01
9.759759759759760109e-03 1.058211126653808842e-01
9.809809809809810419e-03 1.069080296072036779e-01
9.859859859859860728e-03 1.079999620098799074e-01
9.909909909909911038e-03 1.090976970724493594e-01
9.959959959959959613e-03 1.102010431700194693e-01
1.001001001001000992e-02 1.113096501779992781e-01
1.006006006006006023e-02 1.124235735953725973e-01
1.011011011011011054e-02 1.135432990554050559e-01
1.016016016016016085e-02 1.146685785482289138e-01
1.021021021021021116e-02 1.157994261856850199e-01
1.026026026026026147e-02 1.169346702899967394e-01
1.031031031031031005e-02 1.180743758630522083e-01
1.036036036036036036e-02 1.192181322610048610e-01
1.041041041041041067e-02 1.203663469264863450e-01
1.046046046046046098e-02 1.215187469049072433e-01
1.051051051051051129e-02 1.226754541199043119e-01
1.056056056056056160e-02 1.238261616903643253e-01
1.061061061061061191e-02 1.249807722026483048e-01
1.066066066066066048e-02 1.261490964704294337e-01
1.071071071071071079e-02 1.273105055091509064e-01
1.076076076076076110e-02 1.284749720640990800e-01
1.081081081081081141e-02 1.296525015821092530e-01
1.086086086086086172e-02 1.308226247507568163e-01
1.091091091091091203e-02 1.319857155949172856e-01
1.096096096096096061e-02 1.331520848465174434e-01
1.101101101101101092e-02 1.343417188641337634e-01
1.106106106106106123e-02 1.355128589871575362e-01
1.111111111111111154e-02 1.366858921129313065e-01
1.116116116116116184e-02 1.378817846650627621e-01
1.121121121121121215e-02 1.390480313197199613e-01
1.126126126126126246e-02 1.402166004201660376e-01
1.131131131131131104e-02 1.413759656181017288e-01
1.136136136136136135e-02 1.425681884052968917e-01
1.141141141141141166e-02 1.437424624540058760e-01
1.146146146146146197e-02 1.449067776360812854e-01
1.151151151151151228e-02 1.460923172163912098e-01
1.156156156156156259e-02 1.472582894420602917e-01
1.161161161161161290e-02 1.484251078183532468e-01
1.166166166166166147e-02 1.495817072961841410e-01
1.171171171171171178e-02 1.507600875408831309e-01
1.176176176176176209e-02 1.519290299542681577e-01
1.181181181181181240e-02 1.530880035693051033e-01
1.186186186186186271e-02 1.542680431670004904e-01
1.191191191191191302e-02 1.554048621292718202e-01
1.196196196196196333e-02 1.565305583836341663e-01
1.201201201201201191e-02 1.576995169862690505e-01
1.206206206206206222e-02 1.588457363707996006e-01
1.211211211211211253e-02 1.599814840067944610e-01
1.216216216216216284e-02 1.611489520638748896e-01
1.221221221221221315e-02 1.622841167021988606e-01
1.226226226226226346e-02 1.633977643343705322e-01
1.231231231231231203e-02 1.645199919556449841e-01
1.236236236236236234e-02 1.656438130988645840e-01
1.241241241241241265e-02 1.667666111319288380e-01
1.246246246246246296e-02 1.679197970333363987e-01
1.251251251251251327e-02 1.690316257215893903e-01
1.256256256256256358e-02 1.700975271351560514e-01
1.261261261261261389e-02 1.712405186482666153e-01
1.266266266266266247e-02 1.723265748130115571e-01
1.271271271271271278e-02 1.734122462734167536e-01
1.276276276276276309e-02 1.745314377166840292e-01
1.281281281281281340e-02 1.756264422998312646e-01
1.286286286286286371e-02 1.767236479169917718e-01
1.291291291291291402e-02 1.777836918450546033e-01
1.296296296296296433e-02 1.788894138373981479e-01
1.301301301301301290e-02 1.799291697644036236e-01
1.306306306306306321e-02 1.810285888659966258e-01
1.311311311311311352e-02 1.821237488409358229e-01
1.316316316316316383e-02 1.831389001657307558e-01
1.321321321321321414e-02 1.842816505435053709e-01
1.326326326326326445e-02 1.852839842581840146e-01
1.331331331331331476e-02 1.863138989267975054e-01
1.336336336336336333e-02 1.874041018467153263e-01
1.341341341341341364e-02 1.883897430272020723e-01
1.346346346346346395e-02 1.894883451800948859e-01
1.351351351351351426e-02 1.905176647856506034e-01
1.356356356356356457e-02 1.915791272854751037e-01
1.361361361361361488e-02 1.925846228484270339e-01
1.366366366366366346e-02 1.935957922286080379e-01
1.371371371371371377e-02 1.946269353563438720e-01
1.376376376376376408e-02 1.956149100217753345e-01
1.381381381381381439e-02 1.966984800708505288e-01
1.386386386386386470e-02 1.976543090365447120e-01
1.391391391391391501e-02 1.987144562004896364e-01
1.396396396396396532e-02 1.996815142862349846e-01
1.401401401401401389e-02 2.006271682242718180e-01
1.406406406406406420e-02 2.016953275429831938e-01
1.411411411411411451e-02 2.025964031760784656e-01
1.416416416416416482e-02 2.036815602511932166e-01
1.421421421421421513e-02 2.045951807466812600e-01
1.426426426426426544e-02 2.055938405042792849e-01
1.431431431431431575e-02 2.065621632070174518e-01
1.436436436436436433e-02 2.075102479911274111e-01
1.441441441441441464e-02 2.085019525807838836e-01
1.446446446446446495e-02 2.094470140250779266e-01
1.451451451451451526e-02 2.104492416513596975e-01
1.456456456456456557e-02 2.113238907988909954e-01
1.461461461461461588e-02 2.123202433894722796e-01
1.466466466466466619e-02 2.131838968414943858e-01
1.471471471471471476e-02 2.141691700770257667e-01
1.476476476476476507e-02 2.150913361507150179e-01
1.481481481481481538e-02 2.160163242006810091e-01
1.486486486486486569e-02 2.169841766117747150e-01
1.491491491491491600e-02 2.178114805681499733e-01
1.496496496496496631e-02 2.187656482407999148e-01
1.501501501501501488e-02 2.196029472304399099e-01
1.506506506506506519e-02 2.205876832165480916e-01
1.511511511511511550e-02 2.214242675421067841e-01
1.516516516516516581e-02 2.224159851829051737e-01
1.521521521521521612e-02 2.232532027100190275e-01
1.526526526526526643e-02 2.241378606178608401e-01
1.531531531531531674e-02 2.249997695735562186e-01
1.536536536536536532e-02 2.258306224691223885e-01
1.541541541541541563e-02 2.267390567630859777e-01
1.546546546546546594e-02 2.275689378587698042e-01
1.551551551551551625e-02 2.284963554240567463e-01
1.556556556556556656e-02 2.292990105800339351e-01
1.561561561561561687e-02 2.301488243364518682e-01
1.566566566566566718e-02 2.309611944559096519e-01
1.571571571571571749e-02 2.318187992568310762e-01
1.576576576576576780e-02 2.326115135763780761e-01
1.581581581581581811e-02 2.334845283709761354e-01
1.586586586586586495e-02 2.343011934888579451e-01
1.591591591591591526e-02 2.351290274977866079e-01
1.596596596596596557e-02 2.359137145374470834e-01
1.601601601601601588e-02 2.367075924567934864e-01
1.606606606606606619e-02 2.375210401499145418e-01
1.611611611611611650e-02 2.383116606591543229e-01
1.616616616616616681e-02 2.391103222357400249e-01
1.621621621621621712e-02 2.398854722187551969e-01
1.626626626626626743e-02 2.406491424203432428e-01
1.631631631631631774e-02 2.414254376634130395e-01
1.636636636636636805e-02 2.422177696476446040e-01
1.641641641641641836e-02 2.429490440103618254e-01
1.646646646646646867e-02 2.437565142078357561e-01
1.651651651651651898e-02 2.444626015499601346e-01
1.656656656656656582e-02 2.452885133990466981e-01
1.661661661661661613e-02 2.458404469034834450e-01
1.666666666666666644e-02 2.467295903424052972e-01
1.671671671671671675e-02 2.473175870247184549e-01
1.676676676676676706e-02 2.482078241518944628e-01
1.681681681681681736e-02 2.488012468995012549e-01
1.686686686686686767e-02 2.496520034108398456e-01
1.691691691691691798e-02 2.502359623816768908e-01
1.696696696696696829e-02 2.509710210946250464e-01
1.701701701701701860e-02 2.515982345109963880e-01
1.706706706706706891e-02 2.522802952757255412e-01
1.711711711711711922e-02 2.530255672291657487e-01
1.716716716716716953e-02 2.537011126090996660e-01
1.721721721721721637e-02 2.544179541176814219e-01
1.726726726726726668e-02 2.550475747690279515e-01
1.731731731731731699e-02 2.556348925522092252e-01
1.736736736736736730e-02 2.563037199156675827e-01
1.741741741741741761e-02 2.568754714777524151e-01
1.746746746746746792e-02 2.576274112022990948e-01
1.751751751751751823e-02 2.582244746974213800e-01
1.756756756756756854e-02 2.589838378270314934e-01
1.761761761761761885e-02 2.594651496006724067e-01
1.766766766766766916e-02 2.601737159517252818e-01
1.771771771771771947e-02 2.607106715680554965e-01
1.776776776776776978e-02 2.613160639648468564e-01
1.781781781781782009e-02 2.619327046271434090e-01
1.786786786786787040e-02 2.624726744490075148e-01
1.791791791791791724e-02 2.631463257587740023e-01
1.796796796796796755e-02 2.636294607374649046e-01
1.801801801801801786e-02 2.642861171549130694e-01
1.806806806806806817e-02 2.648076200527305635e-01
1.811811811811811848e-02 2.653364990445128968e-01
1.816816816816816879e-02 2.659421930183109017e-01
1.821821821821821910e-02 2.664002261878739564e-01
1.826826826826826941e-02 2.670381447585101209e-01
1.831831831831831972e-02 2.674648034938048591e-01
1.836836836836837003e-02 2.681248971933056779e-01
1.841841841841842034e-02 2.685912040878766227e-01
1.846846846846847065e-02 2.691319530859001552e-01
1.851851851851852096e-02 2.696671829010081622e-01
1.856856856856856780e-02 2.700604051474841949e-01
1.861861861861861811e-02 2.706395234678569683e-01
1.866866866866866842e-02 2.709990137223680651e-01
1.871871871871871873e-02 2.716122587424251167e-01
1.876876876876876904e-02 2.720142568967297003e-01
1.881881881881881935e-02 2.725156273267035356e-01
1.886886886886886966e-02 2.730567485973428021e-01
1.891891891891891997e-02 2.733813955594461276e-01
1.896896896896897028e-02 2.739120300882538217e-01
1.901901901901902059e-02 2.742077122363663633e-01
1.906906906906907090e-02 2.747735364630079502e-01
1.911911911911912121e-02 2.751490902359021717e-01
1.916916916916917152e-02 2.755769333243874297e-01
1.921921921921922183e-02 2.760901882009135222e-01
1.926926926926926867e-02 2.763811256828550555e-01
1.931931931931931898e-02 2.768450595092412092e-01
1.936936936936936929e-02 2.771586935940302254e-01
1.941941941941941960e-02 2.775498057239609295e-01
1.946946946946946991e-02 2.779683559398025139e-01
1.951951951951952022e-02 2.783080987944268614e-01
1.956956956956957053e-02 2.788090359610919111e-01
1.961961961961962084e-02 2.790489932784107063e-01
1.966966966966967115e-02 2.794337190154951855e-01
1.971971971971972146e-02 2.797272799916349917e-01
1.976976976976977177e-02 2.800035767157902922e-01
1.981981981981982208e-02 2.804044694297979090e-01
1.986986986986987239e-02 2.807087408148400409e-01
1.991991991991991923e-02 2.811210371603229952e-01
1.996996996996996954e-02 2.813658926764611157e-01
2.002002002002001985e-02 2.816196336214429330e-01
2.007007007007007016e-02 2.819730469515303595e-01
2.012012012012012047e-02 2.821418401199213832e-01
2.017017017017017078e-02 2.825449134653408856e-01
2.022022022022022109e-02 2.827907379593290749e-01
2.027027027027027140e-02 2.829949971381146012e-01
2.032032032032032171e-02 2.832875865334286702e-01
2.037037037037037202e-02 2.834960817117200271e-01
2.042042042042042232e-02 2.838336014686375086e-01
2.047047047047047263e-02 2.839771289593371884e-01
2.052052052052052294e-02 2.842612899783670266e-01
2.057057057057056978e-02 2.845543069551838000e-01
2.062062062062062009e-02 2.845570971765120083e-01
2.067067067067067040e-02 2.848448573133461337e-01
2.072072072072072071e-02 2.850431028118069476e-01
2.077077077077077102e-02 2.852691462012645340e-01
2.082082082082082133e-02 2.854798022423239989e-01
2.087087087087087164e-02 2.856100660829801741e-01
2.092092092092092195e-02 2.858732851454117152e-01
2.097097097097097226e-02 2.859560900902845537e-01
2.102102102102102257e-02 2.860376665013839581e-01
2.107107107107107288e-02 2.862060168979211339e-01
2.112112112112112319e-02 2.863126719716542201e-01
2.117117117117117350e-02 2.865611262581985175e-01
2.122122122122122381e-02 2.867010675213492177e-01
2.127127127127127065e-02 2.868435801066336333e-01
2.132132132132132096e-02 2.869040665594451145e-01
2.137137137137137127e-02 2.868940554415935207e-01
2.142142142142142158e-02 2.870297057831549536e-01
2.147147147147147189e-02 2.871261519838365639e-01
2.152152152152152220e-02 2.872964228521565078e-01
2.157157157157157251e-02 2.874150771934744220e-01
2.162162162162162282e-02 2.873904681634250058e-01
2.167167167167167313e-02 2.875410086510015173e-01
2.172172172172172344e-02 2.875463873237471546e-01
2.177177177177177375e-02 2.875436849393516181e-01
2.182182182182182406e-02 2.876055368240524324e-01
2.187187187187187437e-02 2.876048308017175037e-01
2.192192192192192121e-02 2.877451766365991537e-01
2.197197197197197152e-02 2.877481561346488248e-01
2.202202202202202183e-02 2.876824115564290407e-01
2.207207207207207214e-02 2.877973764464534789e-01
2.212212212212212245e-02 2.876915800018570168e-01
2.217217217217217276e-02 2.877729753091508580e-01
2.222222222222222307e-02 2.878021462814558395e-01
2.227227227227227338e-02 2.876122312139749448e-01
2.232232232232232369e-02 2.876886955716186911e-01
2.237237237237237400e-02 2.876506511403348898e-01
2.242242242242242431e-02 2.876420624877683019e-01
2.247247247247247462e-02 2.876320899955411847e-01
2.252252252252252493e-02 2.875328539021626550e-01
2.257257257257257524e-02 2.876289169305714655e-01
2.262262262262262208e-02 2.874531361565306753e-01
2.267267267267267239e-02 2.872837621962950339e-01
2.272272272272272270e-02 2.873144040799718857e-01
2.277277277277277301e-02 2.871817699702870486e-01
2.282282282282282332e-02 2.871453213810838956e-01
2.287287287287287363e-02 2.871294628845487140e-01
2.292292292292292394e-02 2.869508097609962394e-01
2.297297297297297425e-02 2.868433021269302663e-01
2.302302302302302456e-02 2.867469195986892538e-01
2.307307307307307487e-02 2.865615447312214736e-01
2.312312312312312518e-02 2.864994866518130179e-01
2.317317317317317549e-02 2.863694278102715818e-01
2.322322322322322580e-02 2.863203667009373010e-01
2.327327327327327264e-02 2.861679011932636296e-01
2.332332332332332295e-02 2.859114837826323696e-01
2.337337337337337326e-02 2.858007095281225318e-01
2.342342342342342357e-02 2.855703531533975159e-01
2.347347347347347388e-02 2.854176231454121915e-01
2.352352352352352419e-02 2.852935926121089039e-01
2.357357357357357450e-02 2.851735404866935775e-01
2.362362362362362481e-02 2.849682838336828894e-01
2.367367367367367512e-02 2.847563630974625504e-01
2.372372372372372543e-02 2.845090485235119426e-01
2.377377377377377574e-02 2.843795831397789020e-01
2.382382382382382605e-02 2.841282164481743200e-01
2.387387387387387636e-02 2.839279237830591995e-01
2.392392392392392667e-02 2.837720352130460588e-01
2.397397397397397351e-02 2.835157362224919875e-01
2.402402402402402382e-02 2.833116548231785492e-01
2.407407407407407413e-02 2.830751492391843649e-01
2.412412412412412444e-02 2.827949433148830849e-01
2.417417417417417475e-02 2.825852574005734419e-01
2.422422422422422505e-02 2.823123821196898420e-01
2.427427427427427536e-02 2.820304431787644117e-01
2.432432432432432567e-02 2.818194054671228632e-01
2.437437437437437598e-02 2.814830068405297925e-01
2.442442442442442629e-02 2.812531268998382794e-01
2.447447447447447660e-02 2.810371848424301766e-01
2.452452452452452691e-02 2.807256195945413424e-01
2.457457457457457722e-02 2.804324348837209380e-01
2.462462462462462406e-02 2.801541114921526909e-01
2.467467467467467437e-02 2.797674491706466648e-01
2.472472472472472468e-02 2.794053428938513828e-01
2.477477477477477499e-02 2.791897743759386707e-01
2.482482482482482530e-02 2.789170803746531258e-01
2.487487487487487561e-02 2.785288023918853217e-01
2.492492492492492592e-02 2.783348214997893866e-01
2.497497497497497623e-02 2.779437237774387559e-01
2.502502502502502654e-02 2.775240539603009426e-01
2.507507507507507685e-02 2.771622916908552114e-01
2.512512512512512716e-02 2.768540579055996931e-01
2.517517517517517747e-02 2.764940095377569351e-01
2.522522522522522778e-02 2.762044402441609647e-01
2.527527527527527809e-02 2.758746432664357928e-01
2.532532532532532493e-02 2.754797304258089774e-01
2.537537537537537524e-02 2.750567871204356307e-01
2.542542542542542555e-02 2.746276029677123809e-01
2.547547547547547586e-02 2.742016464507128770e-01
2.552552552552552617e-02 2.738690581616167741e-01
2.557557557557557648e-02 2.735125304825860026e-01
2.562562562562562679e-02 2.731818623780792321e-01
2.567567567567567710e-02 2.727550841544112981e-01
2.572572572572572741e-02 2.722398190674037433e-01
2.577577577577577772e-02 2.718510897113426972e-01
2.582582582582582803e-02 2.714548217973050681e-01
2.587587587587587834e-02 2.708853113893356923e-01
2.592592592592592865e-02 2.705206234316968050e-01
2.597597597597597549e-02 2.701460769054488398e-01
2.602602602602602580e-02 2.696859840855791446e-01
2.607607607607607611e-02 2.690978631082573402e-01
2.612612612612612642e-02 2.687710005844449190e-01
2.617617617617617673e-02 2.683250342007457712e-01
2.622622622622622704e-02 2.677944377319151359e-01
2.627627627627627735e-02 2.673403565258264947e-01
2.632632632632632766e-02 2.668467494901115011e-01
2.637637637637637797e-02 2.663560469475270143e-01
2.642642642642642828e-02 2.658217123301235274e-01
2.647647647647647859e-02 2.654188331616595953e-01
2.652652652652652890e-02 2.649516177089057400e-01
2.657657657657657921e-02 2.643821828264802387e-01
2.662662662662662952e-02 2.638910693882537961e-01
2.667667667667667636e-02 2.633675501447892420e-01
2.672672672672672667e-02 2.627035243676248966e-01
2.677677677677677698e-02 2.621996105668932264e-01
2.682682682682682729e-02 2.617888497785357260e-01
2.687687687687687760e-02 2.612359455868640268e-01
2.692692692692692791e-02 2.606544731757581834e-01
2.697697697697697822e-02 2.601337386048945821e-01
2.702702702702702853e-02 2.595292336278328671e-01
2.707707707707707884e-02 2.588918187778602165e-01
2.712712712712712915e-02 2.583469977254702621e-01
2.717717717717717946e-02 2.578680401411692635e-01
2.722722722722722977e-02 2.573317658297676891e-01
2.727727727727728008e-02 2.566629109612084680e-01
2.732732732732732692e-02 2.560829129765295753e-01
2.737737737737737723e-02 2.555373151347116734e-01
2.742742742742742754e-02 2.547818740755076750e-01
2.747747747747747785e-02 2.540695109711066935e-01
2.752752752752752816e-02 2.536209726149772914e-01
2.757757757757757847e-02 2.530593672600272015e-01
2.762762762762762878e-02 2.523443647112922350e-01
2.767767767767767909e-02 2.518146524715904611e-01
2.772772772772772940e-02 2.511467374423995702e-01
2.777777777777777971e-02 2.504528380416291000e-01
2.782782782782783002e-02 2.497799672277183081e-01
2.787787787787788032e-02 2.492154457574578541e-01
2.792792792792793063e-02 2.485902258336916415e-01
2.797797797797798094e-02 2.478366455445709382e-01
2.802802802802802778e-02 2.472185109796073699e-01
2.807807807807807809e-02 2.465747886424823065e-01
2.812812812812812840e-02 2.457859708955160705e-01
2.817817817817817871e-02 2.451076700058180680e-01
2.822822822822822902e-02 2.445003978157537228e-01
2.827827827827827933e-02 2.437558761259010220e-01
2.832832832832832964e-02 2.430126191478307329e-01
2.837837837837837995e-02 2.423565569364199979e-01
2.842842842842843026e-02 2.416904435615029323e-01
2.847847847847848057e-02 2.409628315233053875e-01
2.852852852852853088e-02 2.400896101548901651e-01
2.857857857857858119e-02 2.395712933155028646e-01
2.862862862862863150e-02 2.388034861061416603e-01
2.867867867867867834e-02 2.378874299204682963e-01
2.872872872872872865e-02 2.371736600479655288e-01
2.877877877877877896e-02 2.364613272310385483e-01
2.882882882882882927e-02 2.357780585397843687e-01
2.887887887887887958e-02 2.349298023420103854e-01
2.892892892892892989e-02 2.342422402640326196e-01
2.897897897897898020e-02 2.335333373550454172e-01
2.902902902902903051e-02 2.326023164752966388e-01
2.907907907907908082e-02 2.317114772567187841e-01
2.912912912912913113e-02 2.310397670881498833e-01
2.917917917917918144e-02 2.302710645887715013e-01
2.922922922922923175e-02 2.294900133020148780e-01
2.927927927927928206e-02 2.287754823190431275e-01
2.932932932932933237e-02 2.278536804044341002e-01
2.937937937937937921e-02 2.270393740443636954e-01
2.942942942942942952e-02 2.261408149112082988e-01
2.947947947947947983e-02 2.253206329930888263e-01
2.952952952952953014e-02 2.245563080582363702e-01
2.957957957957958045e-02 2.237397472569389312e-01
2.962962962962963076e-02 2.228819952902867663e-01
2.967967967967968107e-02 2.220603113890474434e-01
2.972972972972973138e-02 2.212072494070035367e-01
2.977977977977978169e-02 2.202349804681242307e-01
2.982982982982983200e-02 2.193640680457688008e-01
2.987987987987988231e-02 2.185669290774217566e-01
2.992992992992993262e-02 2.177178529057710588e-01
2.997997997997998293e-02 2.166696955534134772e-01
3.003003003003002977e-02 2.159186049685246911e-01
3.008008008008008008e-02 2.150269818166144209e-01
3.013013013013013039e-02 2.140199276220579871e-01
3.018018018018018070e-02 2.131042422668588676e-01
3.023023023023023101e-02 2.122721895703067740e-01
3.028028028028028132e-02 2.114233581579443300e-01
3.033033033033033163e-02 2.103681510934115040e-01
3.038038038038038194e-02 2.094390871405521493e-01
3.043043043043043225e-02 2.085900953759313448e-01
3.048048048048048256e-02 2.077001170159874233e-01
3.053053053053053287e-02 2.065545754315566973e-01
3.058058058058058318e-02 2.057793880844957790e-01
3.063063063063063349e-02 2.048075923310783975e-01
3.068068068068068380e-02 2.038207205541062716e-01
3.073073073073073064e-02 2.027465137355188574e-01
3.078078078078078095e-02 2.018892668434979221e-01
3.083083083083083126e-02 2.010152621023068853e-01
3.088088088088088157e-02 1.999763715887584725e-01
3.093093093093093188e-02 1.989537284746226709e-01
3.098098098098098219e-02 1.980494674362840435e-01
3.103103103103103250e-02 1.970810622657907518e-01
3.108108108108108281e-02 1.959092781978303832e-01
3.113113113113113312e-02 1.949617041505320725e-01
3.118118118118118343e-02 1.940420162157098227e-01
3.123123123123123374e-02 1.930589490662368568e-01
3.128128128128128405e-02 1.919667240815139120e-01
3.133133133133133436e-02 1.910617608787777699e-01
3.138138138138138467e-02 1.901267525624546484e-01
3.143143143143143498e-02 1.889749667201323924e-01
3.148148148148148529e-02 1.878832232655386347e-01
3.153153153153153559e-02 1.869255852245638172e-01
3.158158158158158590e-02 1.859835796373006667e-01
3.163163163163163621e-02 1.849507049946309545e-01
3.168168168168168652e-02 1.839034671590886461e-01
3.173173173173172990e-02 1.828837929991885825e-01
3.178178178178178021e-02 1.818594490313726331e-01
3.183183183183183051e-02 1.805967339494671531e-01
3.188188188188188082e-02 1.797664492883435938e-01
3.193193193193193113e-02 1.787960231357443308e-01
3.198198198198198144e-02 1.777031659305771394e-01
3.203203203203203175e-02 1.764657924931493371e-01
3.208208208208208206e-02 1.755906536600121692e-01
3.213213213213213237e-02 1.745453304992478916e-01
3.218218218218218268e-02 1.735035075453962294e-01
3.223223223223223299e-02 1.723052844927286109e-01
3.228228228228228330e-02 1.713858941729456686e-01
3.233233233233233361e-02 1.703795113694540064e-01
3.238238238238238392e-02 1.692052944721930130e-01
3.243243243243243423e-02 1.680466948789082204e-01
3.248248248248248454e-02 1.671141966596998707e-01
3.253253253253253485e-02 1.660510848854670207e-01
3.258258258258258516e-02 1.649321211666020248e-01
3.263263263263263547e-02 1.639434099928260002e-01
3.268268268268268578e-02 1.629041980198320805e-01
3.273273273273273609e-02 1.617778658430354677e-01
3.278278278278278640e-02 1.605401122742488307e-01
3.283283283283283671e-02 1.595752840433841691e-01
3.288288288288288702e-02 1.586267689319090790e-01
3.293293293293293733e-02 1.575143746731369476e-01
3.298298298298298764e-02 1.562961495837164316e-01
3.303303303303303795e-02 1.553791085366557356e-01
3.308308308308308132e-02 1.542771645823327042e-01
3.313313313313313163e-02 1.530768652663655749e-01
3.318318318318318194e-02 1.518643724557798558e-01
3.323323323323323225e-02 1.510341866649855813e-01
3.328328328328328256e-02 1.500542526286745004e-01
3.333333333333333287e-02 1.489398000563137980e-01
3.338338338338338318e-02 1.476369317022075134e-01
3.343343343343343349e-02 1.466664625824368740e-01
3.348348348348348380e-02 1.456114572234728233e-01
3.353353353353353411e-02 1.444712616532654870e-01
3.358358358358358442e-02 1.433178014890454932e-01
3.363363363363363473e-02 1.424411550698636564e-01
3.368368368368368504e-02 1.414877159723512134e-01
3.373373373373373535e-02 1.402458516835692892e-01
3.378378378378378566e-02 1.390570041989784289e-01
3.383383383383383597e-02 1.379979544346403297e-01
3.388388388388388628e-02 1.370679607698837843e-01
3.393393393393393659e-02 1.358294383492315016e-01
3.398398398398398690e-02 1.347596165631338161e-01
3.403403403403403721e-02 1.338643863014931379e-01
3.408408408408408752e-02 1.327783772290531128e-01
3.413413413413413783e-02 1.315604734355681482e-01
3.418418418418418814e-02 1.304550716223455142e-01
3.423423423423423845e-02 1.295196047262777705e-01
3.428428428428428876e-02 1.284829183164214739e-01
3.433433433433433907e-02 1.272607934994986756e-01
3.438438438438438938e-02 1.262940402634743220e-01
3.443443443443443275e-02 1.252892555067727509e-01
3.448448448448448306e-02 1.242783382150819405e-01
3.453453453453453337e-02 1.229862159795124393e-01
3.458458458458458368e-02 1.219977273809791096e-01
3.463463463463463399e-02 1.210752728256648258e-01
3.468468468468468430e-02 1.200159419883200518e-01
3.473473473473473461e-02 1.187428464583960147e-01
3.478478478478478492e-02 1.177935128939901488e-01
3.483483483483483523e-02 1.168487802004448822e-01
3.488488488488488554e-02 1.158057942138344537e-01
3.493493493493493585e-02 1.145267749131374246e-01
3.498498498498498616e-02 1.136651224593289849e-01
3.503503503503503647e-02 1.127123264118676804e-01
3.508508508508508678e-02 1.116398810273521586e-01
3.513513513513513709e-02 1.103943170498050130e-01
3.518518518518518740e-02 1.094710501401243985e-01
3.523523523523523771e-02 1.085414694851936229e-01
3.528528528528528802e-02 1.075547968774206442e-01
3.533533533533533832e-02 1.064146660180582266e-01
3.538538538538538863e-02 1.054926472691282563e-01
3.543543543543543894e-02 1.044811478562096274e-01
3.548548548548548925e-02 1.034681994700355073e-01
3.553553553553553956e-02 1.022610804099316623e-01
3.558558558558558987e-02 1.014120506936928151e-01
3.563563563563564018e-02 1.004519515502813182e-01
3.568568568568569049e-02 9.951431101283007841e-02
3.573573573573574080e-02 9.837513973519905475e-02
3.578578578578578417e-02 9.747126356965259142e-02
3.583583583583583448e-02 9.640770550454787202e-02
3.588588588588588479e-02 9.549790416586989572e-02
3.593593593593593510e-02 9.437132764081075653e-02
3.598598598598598541e-02 9.353039504860628794e-02
3.603603603603603572e-02 9.264047465560265593e-02
3.608608608608608603e-02 9.166847519985832360e-02
3.613613613613613634e-02 9.066204894670891468e-02
3.618618618618618665e-02 8.961699530754957399e-02
3.623623623623623696e-02 8.876287009816148654e-02
3.628628628628628727e-02 8.776361676809343870e-02
3.633633633633633758e-02 8.671749617430010715e-02
3.638638638638638789e-02 8.587251447691529593e-02
3.643643643643643820e-02 8.501392674534236082e-02
3.648648648648648851e-02 8.414887067588736058e-02
3.653653653653653882e-02 8.304424955897943272e-02
3.658658658658658913e-02 8.215197114710444393e-02
3.663663663663663944e-02 8.135076006306685148e-02
3.668668668668668975e-02 8.030476913595276101e-02
3.673673673673674006e-02 7.944082360132191656e-02
3.678678678678679037e-02 7.853483599304898755e-02
3.683683683683684068e-02 7.768817748337945861e-02
3.688688688688689099e-02 7.674173379127244288e-02
3.693693693693694130e-02 7.581329049926534280e-02
3.698698698698699161e-02 7.503279661076824036e-02
3.703703703703704192e-02 7.413476751362617356e-02
3.708708708708709223e-02 7.328086671424480225e-02
3.713713713713713560e-02 7.228952242773215020e-02
3.718718718718718591e-02 7.145127210524650219e-02
3.723723723723723622e-02 7.064151660398802768e-02
3.728728728728728653e-02 6.975609630899615166e-02
3.733733733733733684e-02 6.895428979273578174e-02
3.738738738738738715e-02 6.809772178096136497e-02
3.743743743743743746e-02 6.731486375349798879e-02
3.748748748748748777e-02 6.640264539409539146e-02
3.753753753753753808e-02 6.547579245234605438e-02
3.758758758758758839e-02 6.472892502747502885e-02
3.763763763763763870e-02 6.387818098322567417e-02
3.768768768768768901e-02 6.320694768724122170e-02
3.773773773773773932e-02 6.233378422804223412e-02
3.778778778778778963e-02 6.149803280371060610e-02
3.783783783783783994e-02 6.073773271150045144e-02
3.788788788788789025e-02 5.983980922892627452e-02
3.793793793793794056e-02 5.906747591879026732e-02
3.798798798798799087e-02 5.828569816047711460e-02
3.803803803803804118e-02 5.759000143335917671e-02
3.808808808808809149e-02 5.677736119124252023e-02
3.813813813813814180e-02 5.603257875946680150e-02
3.818818818818819211e-02 5.530366933789639811e-02
3.823823823823824242e-02 5.442665581576302397e-02
3.828828828828829273e-02 5.378259318648091758e-02
3.833833833833834304e-02 5.288984236695236374e-02
3.838838838838839335e-02 5.224663363857701831e-02
3.843843843843844366e-02 5.152326522645629681e-02
3.848848848848848703e-02 5.070601784513999177e-02
3.853853853853853734e-02 5.012092483108014640e-02
3.858858858858858765e-02 4.928055391263648499e-02
3.863863863863863796e-02 4.863534686891710090e-02
3.868868868868868827e-02 4.790732728028584964e-02
3.873873873873873858e-02 4.711612069143995135e-02
3.878878878878878889e-02 4.651258372278811726e-02
3.883883883883883920e-02 4.569376340928545110e-02
3.888888888888888951e-02 4.515571368229988336e-02
3.893893893893893982e-02 4.434171276243387833e-02
3.898898898898899013e-02 4.375925008868083305e-02
3.903903903903904044e-02 4.312086400244342921e-02
3.908908908908909074e-02 4.230189260852561250e-02
3.913913913913914105e-02 4.181590290261690684e-02
3.918918918918919136e-02 4.100872214394492288e-02
3.923923923923924167e-02 4.039682728289684804e-02
3.928928928928929198e-02 3.978247109487590555e-02
3.933933933933934229e-02 3.909924356134729384e-02
3.938938938938939260e-02 3.867062637401985636e-02
3.943943943943944291e-02 3.790602812673061345e-02
3.948948948948949322e-02 3.727233135174073952e-02
3.953953953953954353e-02 3.662103388059868153e-02
3.958958958958959384e-02 3.600718331896075181e-02
3.963963963963964415e-02 3.543133840352954977e-02
3.968968968968969446e-02 3.478009488657851644e-02
3.973973973973974477e-02 3.430345062604363976e-02
3.978978978978978814e-02 3.366311465546115156e-02
3.983983983983983845e-02 3.316998985142911166e-02
3.988988988988988876e-02 3.256494317423372364e-02
3.993993993993993907e-02 3.183165931178311148e-02
3.998998998998998938e-02 3.145031949254374626e-02
4.004004004004003969e-02 3.072269826812595861e-02
4.009009009009009000e-02 3.025855592035983643e-02
4.014014014014014031e-02 2.975758155939445260e-02
4.019019019019019062e-02 2.917605062812185859e-02
4.024024024024024093e-02 2.875082135910985576e-02
4.029029029029029124e-02 2.813545230787565729e-02
4.034034034034034155e-02 2.766537400655718140e-02
4.039039039039039186e-02 2.713440749719052067e-02
4.044044044044044217e-02 2.660113159018689249e-02
4.049049049049049248e-02 2.612251064350518820e-02
4.054054054054054279e-02 2.558559878152636552e-02
4.059059059059059310e-02 2.524035314373210270e-02
4.064064064064064341e-02 2.469206407637834777e-02
4.069069069069069372e-02 2.421342988226744125e-02
4.074074074074074403e-02 2.373004209111426871e-02
4.079079079079079434e-02 2.321446255804691244e-02
4.084084084084084465e-02 2.286451653264911024e-02
4.089089089089089496e-02 2.234617083372544485e-02
4.094094094094094527e-02 2.188834730933444592e-02
4.099099099099099558e-02 2.156230013076584559e-02
4.104104104104104589e-02 2.109322633200404196e-02
4.109109109109109620e-02 2.068283048494497234e-02
4.114114114114113957e-02 2.018953203989390030e-02
4.119119119119118988e-02 1.973070126729017243e-02
4.124124124124124019e-02 1.945322998920693408e-02
4.129129129129129050e-02 1.889962213249498854e-02
4.134134134134134081e-02 1.857386517484140367e-02
4.139139139139139112e-02 1.823698275457183784e-02
4.144144144144144143e-02 1.779305019352863879e-02
4.149149149149149174e-02 1.748429546748060323e-02
4.154154154154154205e-02 1.698292870308134792e-02
4.159159159159159236e-02 1.668004879957869085e-02
4.164164164164164267e-02 1.631258280874193362e-02
4.169169169169169298e-02 1.589418751643870142e-02
4.174174174174174329e-02 1.561564004544400801e-02
4.179179179179179360e-02 1.521827441080541438e-02
4.184184184184184391e-02 1.502016655126708726e-02
4.189189189189189422e-02 1.456501386169641032e-02
4.194194194194194453e-02 1.419924767381329847e-02
4.199199199199199484e-02 1.394790741021607015e-02
4.204204204204204515e-02 1.354578425238326875e-02
4.209209209209209546e-02 1.328607361041857053e-02
4.214214214214214577e-02 1.288824558793494508e-02
4.219219219219219608e-02 1.262880574969683055e-02
4.224224224224224639e-02 1.242184125410818532e-02
4.229229229229229670e-02 1.207274407227595762e-02
4.234234234234234701e-02 1.178448161913614976e-02
4.239239239239239732e-02 1.141160589103126788e-02
4.244244244244244763e-02 1.114974855339722314e-02
4.249249249249249100e-02 1.091227385639895187e-02
4.254254254254254131e-02 1.056274680835951087e-02
4.259259259259259162e-02 1.038445132339765528e-02
4.264264264264264193e-02 1.011573246678247780e-02
4.269269269269269224e-02 9.794961769692073564e-03
4.274274274274274255e-02 9.584073485370277201e-03
4.279279279279279286e-02 9.234398072847304142e-03
4.284284284284284317e-02 9.079427937039679514e-03
4.289289289289289347e-02 8.837319461849136790e-03
4.294294294294294378e-02 8.459643415958928089e-03
4.299299299299299409e-02 8.388392742672969721e-03
4.304304304304304440e-02 8.113136225055944326e-03
4.309309309309309471e-02 7.958993044579820014e-03
4.314314314314314502e-02 7.713749076223927990e-03
4.319319319319319533e-02 7.332957360228646582e-03
4.324324324324324564e-02 7.259903741550021751e-03
4.329329329329329595e-02 7.011591918489033272e-03
4.334334334334334626e-02 6.826927060699979760e-03
4.339339339339339657e-02 6.638735806595292936e-03
4.344344344344344688e-02 6.364025686368345557e-03
4.349349349349349719e-02 6.289424846516403905e-03
4.354354354354354750e-02 6.012176379519266860e-03
4.359359359359359781e-02 5.797904111317485169e-03
4.364364364364364812e-02 5.693047251213792515e-03
4.369369369369369843e-02 5.415515371900180876e-03
4.374374374374374874e-02 5.284566486257436316e-03
4.379379379379379905e-02 5.120091533389289559e-03
4.384384384384384242e-02 4.983397536014575260e-03
4.389389389389389273e-02 4.906650072288229469e-03
4.394394394394394304e-02 4.569761949203708130e-03
4.399399399399399335e-02 4.466260880759608150e-03
4.404404404404404366e-02 4.329908501783384309e-03
4.409409409409409397e-02 4.162582848901377752e-03
4.414414414414414428e-02 4.084560265387676345e-03
4.419419419419419459e-02 3.862029549223591849e-03
4.424424424424424490e-02 3.752797635947212416e-03
4.429429429429429521e-02 3.674161292296530736e-03
4.434434434434434552e-02 3.476420763699773157e-03
4.439439439439439583e-02 3.397334707618363762e-03
4.444444444444444614e-02 3.230566911560805825e-03
4.449449449449449645e-02 3.063512520583631330e-03
4.454454454454454676e-02 2.983821826751789641e-03
4.459459459459459707e-02 2.814462086966435135e-03
4.464464464464464738e-02 2.818637949672747264e-03
4.469469469469469769e-02 2.707175307849246128e-03
4.474474474474474800e-02 2.509923668611148927e-03
4.479479479479479831e-02 2.429388893123992071e-03
4.484484484484484862e-02 2.287944305764027034e-03
4.489489489489489893e-02 2.262557907079477178e-03
4.494494494494494924e-02 2.179646656649990386e-03
4.499499499499499955e-02 1.981605288230879267e-03
4.504504504504504986e-02 1.984520926676852474e-03
4.509509509509510017e-02 1.871810789176308514e-03
4.514514514514515048e-02 1.816378805583187183e-03
4.519519519519519385e-02 1.732799325980580347e-03
4.524524524524524416e-02 1.562859717418479217e-03
4.529529529529529447e-02 1.536380544962663705e-03
4.534534534534534478e-02 1.452398884503027822e-03
4.539539539539539509e-02 1.366934531981795408e-03
4.544544544544544540e-02 1.368929946248236950e-03
4.549549549549549571e-02 1.225924960498092501e-03
4.554554554554554602e-02 1.198952163974203880e-03
4.559559559559559633e-02 1.142543318773248237e-03
4.564564564564564664e-02 1.028536143897214490e-03
4.569569569569569695e-02 1.030030467914271487e-03
4.574574574574574726e-02 9.733792971181483549e-04
4.579579579579579757e-02 8.590973148802042315e-04
4.584584584584584788e-02 8.603411429617457756e-04
4.589589589589589819e-02 7.740482143342675104e-04
4.594594594594594850e-02 7.751667926217800436e-04
4.599599599599599881e-02 7.181497691426853716e-04
4.604604604604604912e-02 6.035284278579001365e-04
4.609609609609609943e-02 6.043979219049042031e-04
4.614614614614614974e-02 5.471349674087058875e-04
4.619619619619620005e-02 5.185000362732470735e-04
4.624624624624625036e-02 5.192449862485927535e-04
4.629629629629630067e-02 4.324615595329574886e-04
4.634634634634635098e-02 4.330813010667145099e-04
4.639639639639640128e-02 4.043048118969529039e-04
4.644644644644645159e-02 3.467087610822139495e-04
4.649649649649650190e-02 3.472046563579283401e-04
4.654654654654654528e-02 3.183041660284248887e-04
4.659659659659659559e-02 2.605736301715699289e-04
4.664664664664664590e-02 2.609450224950642994e-04
4.669669669669669620e-02 2.319160778378322153e-04
4.674674674674674651e-02 2.322459672113630130e-04
4.679679679679679682e-02 2.031880957858693960e-04
4.684684684684684713e-02 1.453133523556345203e-04
4.689689689689689744e-02 1.455194363601716430e-04
4.694694694694694775e-02 1.163357625673044579e-04
4.699699699699699806e-02 1.165005761313992876e-04
4.704704704704704837e-02 1.166653896954938734e-04
4.709709709709709868e-02 8.743463374101210497e-05
4.714714714714714899e-02 8.755795805474533454e-05
4.719719719719719930e-02 8.768128236847750701e-05
4.724724724724724961e-02 5.838426967266863794e-05
4.729729729729729992e-02 5.846655346484727519e-05
4.734734734734735023e-02 5.854883725702602086e-05
4.739739739739740054e-02 2.920672986651121059e-05
4.744744744744745085e-02 2.924775684110312814e-05
4.749749749749750116e-02 2.928878381569502537e-05
4.754754754754755147e-02 2.932981079028694292e-05
4.759759759759760178e-02 2.937083776487882321e-05
4.764764764764765209e-02 0.000000000000000000e+00
4.769769769769770240e-02 0.000000000000000000e+00
4.774774774774775271e-02 0.000000000000000000e+00
4.779779779779780302e-02 0.000000000000000000e+00
4.784784784784785333e-02 0.000000000000000000e+00
4.789789789789789670e-02 0.000000000000000000e+00
4.794794794794794701e-02 0.000000000000000000e+00
4.799799799799799732e-02 0.000000000000000000e+00
4.804804804804804763e-02 0.000000000000000000e+00
4.809809809809809794e-02 0.000000000000000000e+00
4.814814814814814825e-02 0.000000000000000000e+00
4.819819819819819856e-02 0.000000000000000000e+00
4.824824824824824887e-02 0.000000000000000000e+00
4.829829829829829918e-02 0.000000000000000000e+00
4.834834834834834949e-02 0.000000000000000000e+00
4.839839839839839980e-02 0.000000000000000000e+00
4.844844844844845011e-02 0.000000000000000000e+00
4.849849849849850042e-02 0.000000000000000000e+00
4.854854854854855073e-02 0.000000000000000000e+00
4.859859859859860104e-02 0.000000000000000000e+00
4.864864864864865135e-02 0.000000000000000000e+00
4.869869869869870166e-02 0.000000000000000000e+00
4.874874874874875197e-02 0.000000000000000000e+00
4.879879879879880228e-02 0.000000000000000000e+00
4.884884884884885259e-02 0.000000000000000000e+00
4.889889889889890290e-02 0.000000000000000000e+00
4.894894894894895321e-02 0.000000000000000000e+00
4.899899899899900352e-02 0.000000000000000000e+00
4.904904904904905383e-02 0.000000000000000000e+00
4.909909909909910414e-02 0.000000000000000000e+00
4.914914914914915445e-02 0.000000000000000000e+00
4.919919919919920476e-02 0.000000000000000000e+00
4.924924924924924813e-02 0.000000000000000000e+00
4.929929929929929844e-02 0.000000000000000000e+00
4.934934934934934875e-02 0.000000000000000000e+00
4.939939939939939906e-02 0.000000000000000000e+00
4.944944944944944937e-02 0.000000000000000000e+00
4.949949949949949968e-02 0.000000000000000000e+00
4.954954954954954999e-02 0.000000000000000000e+00
4.959959959959960030e-02 0.000000000000000000e+00
4.964964964964965061e-02 0.000000000000000000e+00
4.969969969969970092e-02 0.000000000000000000e+00
4.974974974974975123e-02 0.000000000000000000e+00
4.979979979979980154e-02 0.000000000000000000e+00
4.984984984984985185e-02 0.000000000000000000e+00
4.989989989989990216e-02 0.000000000000000000e+00
4.994994994994995247e-02 0.000000000000000000e+00
5.000000000000000278e-02 0.000000000000000000e+00
